0 439
[363, 336, 323, 349]
1 446
[331, 385, 326, 348]
2 519
[365, 398, 365, 355]
3 -88
[212, 223, 234, 227]
4 -135
[238, 207, 196, 189]
5 494
[345, 385, 377, 350]
6 506
[362, 384, 347, 358]
7 591
[407, 367, 394, 343]
8 214
[293, 323, 276, 295]
9 346
[353, 346, 324, 282]
10 581
[369, 406, 380, 391]
11 581
[384, 386, 394, 384]
12 683
[412, 425, 388, 410]
13 290
[318, 314, 299, 316]
14 268
[315, 326, 297, 300]
15 129
[273, 275, 269, 290]
16 556
[392, 393, 387, 352]
17 483
[397, 371, 334, 348]
18 301
[305, 331, 310, 332]
19 3196
[308, 242, 264, 277]
20 468
[355, 385, 350, 323]
21 146
[306, 264, 257, 273]
22 85
[274, 256, 258, 259]
23 3534
[346, 371, 345, 361]
24 483
[349, 363, 361, 338]
25 402
[299, 342, 367, 350]
26 91
[274, 268, 261, 245]
27 -56
[220, 238, 231, 221]
28 504
[346, 373, 344, 385]
29 33
[226, 255, 282, 236]
30 692
[392, 431, 416, 398]
31 780
[438, 428, 399, 408]
32 -37
[231, 247, 230, 235]
33 436
[361, 308, 371, 339]
34 126
[240, 316, 264, 290]
35 128
[286, 266, 270, 250]
36 525
[389, 357, 349, 369]
37 595
[378, 384, 378, 355]
38 290
[377, 293, 296, 300]
39 334
[342, 320, 309, 329]
40 153
[272, 296, 259, 303]
41 200
[303, 338, 285, 248]
42 560
[391, 388, 372, 375]
43 204
[282, 271, 291, 337]
44 643
[385, 381, 436, 380]
45 214
[302, 284, 296, 287]
46 94
[238, 261, 260, 298]
47 371
[344, 332, 340, 310]
48 -129
[198, 214, 217, 229]
49 196
[258, 259, 286, 349]
50 39
[278, 237, 261, 226]
51 491
[398, 349, 325, 384]
52 285
[273, 318, 320, 350]
53 227
[344, 285, 287, 290]
54 167
[285, 247, 251, 363]
55 78
[338, 233, 275, 210]
56 435
[308, 344, 351, 404]
57 472
[423, 314, 344, 328]
58 364
[284, 409, 357, 286]
59 229
[359, 292, 281, 266]
60 -104
[188, 248, 235, 210]
61 540
[343, 340, 441, 357]
62 528
[390, 416, 350, 339]
63 707
[437, 376, 428, 398]
64 73
[238, 327, 246, 248]
65 559
[364, 403, 405, 343]
66 122
[283, 256, 296, 270]
67 426
[294, 412, 344, 323]
68 388
[360, 322, 348, 325]
69 748
[398, 392, 497, 353]
70 150
[257, 357, 253, 260]
71 534
[326, 349, 509, 310]
72 429
[333, 320, 324, 420]
73 -144
[218, 207, 234, 186]
74 599
[386, 373, 399, 379]
75 519
[322, 407, 427, 331]
76 409
[311, 339, 410, 317]
77 641
[376, 380, 434, 389]
78 165
[256, 265, 273, 331]
79 835
[441, 491, 446, 372]
80 527
[432, 345, 359, 339]
81 283
[290, 298, 288, 379]
82 192
[272, 295, 335, 250]
83 4
[263, 234, 251, 238]
84 107
[228, 250, 263, 308]
85 593
[331, 470, 355, 364]
86 451
[429, 315, 361, 310]
87 3647
[364, 347, 372, 468]
88 525
[478, 310, 363, 316]
89 219
[245, 403, 263, 282]
90 294
[404, 281, 286, 276]
91 215
[265, 333, 327, 271]
92 352
[334, 315, 324, 331]
93 3737
[426, 376, 468, 361]
94 356
[331, 405, 317, 279]
95 147
[334, 282, 235, 273]
96 245
[251, 302, 376, 288]
97 337
[295, 406, 315, 268]
98 607
[360, 353, 375, 474]
99 732
[410, 400, 507, 350]
100 378
[289, 298, 300, 457]
101 442
[393, 315, 364, 270]
102 268
[279, 334, 348, 266]
103 720
[354, 398, 443, 437]
104 302
[358, 304, 282, 318]
105 339
[302, 372, 325, 314]
106 634
[371, 364, 506, 327]
107 163
[242, 343, 252, 307]
108 3534
[331, 341, 427, 316]
109 465
[449, 324, 349, 304]
110 272
[307, 304, 313, 327]
111 757
[432, 422, 467, 380]
112 703
[435, 448, 430, 339]
113 3221
[306, 333, 246, 229]
114 354
[299, 271, 284, 434]
115 557
[305, 350, 494, 377]
116 228
[281, 266, 394, 258]
117 3853
[440, 406, 518, 379]
118 520
[359, 374, 331, 382]
119 410
[279, 470, 325, 303]
120 109
[327, 265, 250, 245]
121 919
[540, 506, 414, 350]
122 229
[268, 228, 458, 233]
123 243
[256, 266, 273, 401]
124 877
[410, 463, 547, 383]
125 361
[366, 243, 423, 279]
126 827
[390, 520, 466, 375]
127 658
[416, 329, 483, 346]
128 674
[354, 342, 402, 475]
129 4
[211, 228, 319, 233]
130 537
[329, 391, 408, 352]
131 345
[334, 288, 439, 258]
132 426
[290, 300, 340, 471]
133 399
[295, 294, 432, 330]
134 3680
[452, 434, 376, 298]
135 468
[293, 340, 314, 496]
136 3635
[325, 556, 336, 301]
137 736
[394, 407, 488, 375]
138 460
[324, 289, 302, 514]
139 505
[326, 328, 520, 282]
140 -129
[169, 198, 185, 305]
141 264
[282, 265, 419, 259]
142 564
[328, 420, 343, 441]
143 296
[295, 261, 445, 249]
144 559
[319, 373, 286, 520]
145 3922
[404, 400, 402, 577]
146 179
[242, 306, 333, 275]
147 -50
[253, 188, 217, 257]
148 441
[470, 332, 304, 297]
149 559
[327, 327, 522, 345]
150 763
[357, 485, 396, 459]
151 541
[299, 535, 384, 286]
152 470
[315, 320, 396, 403]
153 1061
[424, 539, 618, 380]
154 281
[280, 259, 289, 430]
155 862
[383, 397, 634, 367]
156 716
[350, 393, 390, 540]
157 -48
[350, 210, 189, 180]
158 619
[313, 354, 411, 488]
159 62
[331, 256, 216, 201]
160 384
[498, 254, 316, 280]
161 703
[333, 353, 532, 399]
162 309
[315, 320, 420, 223]
163 375
[428, 350, 297, 267]
164 38
[206, 231, 201, 378]
165 402
[280, 317, 477, 275]
166 544
[446, 398, 353, 300]
167 284
[275, 297, 270, 372]
168 302
[342, 265, 284, 383]
169 639
[349, 500, 401, 334]
170 602
[315, 403, 549, 284]
171 448
[277, 291, 318, 512]
172 509
[437, 296, 435, 289]
173 155
[227, 239, 260, 409]
174 439
[410, 307, 427, 259]
175 491
[310, 429, 392, 289]
176 524
[287, 319, 478, 365]
177 333
[406, 231, 327, 334]
178 623
[443, 383, 391, 326]
179 332
[231, 258, 293, 527]
180 3438
[254, 347, 301, 426]
181 450
[488, 299, 309, 292]
182 3850
[366, 414, 615, 319]
183 3228
[285, 225, 230, 390]
184 -22
[201, 170, 278, 312]
185 496
[460, 281, 398, 259]
186 118
[191, 385, 307, 215]
187 461
[306, 345, 483, 300]
188 -17
[362, 198, 208, 198]
189 514
[299, 571, 303, 285]
190 151
[319, 236, 244, 330]
191 424
[300, 534, 309, 250]
192 719
[544, 301, 358, 466]
193 455
[347, 435, 283, 361]
194 781
[374, 334, 566, 432]
195 554
[318, 387, 474, 315]
196 526
[377, 411, 312, 359]
197 355
[276, 233, 275, 542]
198 537
[652, 288, 233, 279]
199 473
[294, 563, 275, 290]
200 485
[433, 273, 430, 273]
201 629
[309, 621, 336, 285]
202 223
[238, 213, 514, 235]
203 121
[222, 205, 215, 461]
204 108
[197, 446, 232, 210]
205 465
[339, 441, 330, 318]
206 585
[324, 284, 635, 286]
207 779
[353, 336, 390, 660]
208 418
[546, 262, 276, 257]
209 42
[229, 280, 322, 196]
210 321
[402, 244, 244, 395]
211 560
[303, 446, 394, 347]
212 680
[323, 397, 577, 295]
213 434
[247, 267, 284, 609]
214 3654
[291, 390, 495, 364]
215 657
[687, 315, 293, 302]
216 551
[346, 315, 586, 260]
217 384
[275, 273, 251, 554]
218 125
[250, 238, 432, 187]
219 560
[319, 266, 268, 657]
220 184
[238, 482, 224, 179]
221 594
[327, 297, 535, 338]
222 916
[481, 368, 337, 597]
223 327
[334, 354, 411, 192]
224 592
[330, 273, 295, 653]
225 509
[307, 618, 278, 269]
226 390
[490, 271, 279, 311]
227 989
[395, 360, 361, 767]
228 747
[372, 558, 472, 289]
229 498
[393, 270, 407, 368]
230 705
[363, 396, 602, 290]
231 190
[481, 219, 236, 225]
232 830
[335, 377, 721, 337]
233 271
[271, 447, 246, 279]
234 -44
[171, 169, 343, 260]
235 -100
[144, 223, 189, 333]
236 792
[509, 355, 522, 285]
237 573
[286, 506, 314, 425]
238 558
[352, 307, 561, 273]
239 676
[322, 394, 321, 565]
240 295
[249, 207, 318, 481]
241 3796
[317, 714, 353, 296]
242 640
[295, 658, 320, 272]
243 522
[261, 251, 426, 513]
244 1089
[391, 491, 364, 752]
245 664
[651, 315, 317, 294]
246 439
[272, 595, 279, 221]
247 495
[567, 268, 330, 279]
248 452
[261, 557, 303, 302]
249 836
[332, 732, 382, 292]
250 423
[322, 237, 596, 242]
251 370
[557, 281, 236, 235]
252 140
[190, 470, 228, 196]
253 3949
[392, 365, 761, 308]
254 697
[383, 344, 390, 499]
255 534
[253, 280, 677, 296]
256 689
[451, 335, 364, 488]
257 531
[268, 603, 359, 253]
258 338
[237, 346, 478, 251]
259 625
[538, 297, 340, 402]
260 514
[263, 357, 490, 368]
261 537
[286, 455, 499, 246]
262 253
[413, 307, 280, 210]
263 745
[331, 354, 709, 256]
264 685
[287, 710, 354, 296]
265 590
[259, 327, 321, 645]
266 3809
[735, 293, 367, 265]
267 759
[281, 420, 689, 319]
268 802
[307, 735, 406, 284]
269 284
[380, 265, 407, 205]
270 497
[503, 340, 382, 237]
271 831
[318, 500, 530, 434]
272 3614
[264, 350, 645, 245]
273 789
[296, 603, 429, 380]
274 587
[332, 360, 542, 303]
275 905
[385, 372, 699, 374]
276 479
[386, 517, 298, 237]
277 342
[472, 274, 338, 229]
278 944
[324, 380, 665, 490]
279 -113
[175, 162, 215, 320]
280 490
[470, 454, 291, 230]
281 3637
[338, 349, 577, 275]
282 676
[320, 269, 308, 725]
283 276
[191, 217, 240, 607]
284 626
[269, 256, 791, 276]
285 488
[286, 664, 252, 241]
286 723
[635, 439, 288, 262]
287 717
[296, 421, 336, 553]
288 675
[246, 376, 339, 657]
289 835
[279, 490, 720, 262]
290 3745
[372, 687, 305, 251]
291 598
[383, 457, 432, 250]
292 3730
[331, 317, 354, 632]
293 3996
[312, 339, 903, 323]
294 589
[256, 458, 343, 503]
295 3783
[261, 781, 342, 276]
296 541
[473, 269, 273, 470]
297 310
[329, 220, 282, 456]
298 -327
[328, 100, 137, 97]
299 270
[219, 476, 245, 303]
300 600
[256, 436, 306, 557]
301 1224
[684, 390, 636, 348]
302 783
[331, 652, 441, 285]
303 883
[316, 694, 513, 291]
304 3419
[576, 257, 243, 222]
305 466
[434, 259, 452, 244]
306 486
[265, 215, 552, 422]
307 224
[179, 349, 344, 329]
308 3934
[404, 410, 402, 593]
309 306
[326, 485, 248, 213]
310 787
[768, 305, 361, 285]
311 641
[325, 514, 459, 278]
312 652
[397, 281, 312, 624]
313 259
[320, 223, 383, 269]
314 511
[249, 291, 517, 394]
315 755
[307, 560, 506, 333]
316 3750
[301, 618, 431, 287]
317 363
[328, 333, 360, 293]
318 865
[342, 525, 581, 358]
319 674
[276, 740, 316, 285]
320 303
[228, 462, 347, 199]
321 367
[254, 222, 603, 259]
322 854
[423, 349, 392, 625]
323 3411
[317, 231, 437, 320]
324 743
[321, 737, 349, 289]
325 501
[285, 553, 324, 284]
326 788
[556, 305, 541, 330]
327 526
[236, 370, 421, 467]
328 619
[266, 588, 400, 290]
329 602
[253, 742, 324, 226]
330 641
[316, 268, 771, 228]
331 535
[458, 255, 504, 278]
332 3846
[580, 292, 329, 500]
333 767
[309, 463, 657, 268]
334 929
[306, 709, 354, 474]
335 3979
[338, 888, 338, 264]
336 3601
[250, 237, 783, 237]
337 212
[558, 208, 213, 210]
338 732
[258, 509, 566, 311]
339 3277
[217, 582, 185, 216]
340 712
[528, 563, 328, 233]
341 755
[274, 317, 694, 402]
342 634
[266, 274, 342, 709]
343 655
[590, 292, 498, 226]
344 630
[385, 341, 456, 404]
345 557
[349, 575, 274, 326]
346 359
[229, 240, 240, 620]
347 854
[383, 336, 601, 436]
348 473
[217, 463, 517, 229]
349 3636
[702, 254, 293, 273]
350 1012
[512, 359, 713, 331]
351 835
[315, 333, 358, 751]
352 3550
[323, 257, 278, 589]
353 759
[502, 537, 381, 277]
354 558
[228, 279, 353, 617]
355 317
[315, 238, 377, 357]
356 812
[295, 533, 409, 524]
357 3735
[513, 310, 396, 384]
358 853
[362, 346, 795, 276]
359 846
[283, 308, 923, 251]
360 762
[271, 282, 900, 247]
361 719
[734, 272, 388, 243]
362 952
[297, 755, 428, 401]
363 677
[488, 238, 402, 497]
364 613
[355, 243, 609, 346]
365 283
[196, 305, 458, 282]
366 3765
[270, 432, 393, 569]
367 4013
[845, 323, 432, 246]
368 742
[535, 281, 588, 243]
369 559
[451, 348, 340, 339]
370 550
[418, 575, 272, 217]
371 3415
[421, 402, 271, 208]
372 758
[301, 265, 908, 235]
373 664
[273, 274, 827, 234]
374 762
[415, 462, 382, 413]
375 452
[210, 240, 575, 399]
376 709
[251, 457, 392, 552]
377 3989
[559, 384, 614, 277]
378 821
[253, 538, 406, 534]
379 611
[234, 338, 551, 411]
380 512
[498, 198, 367, 369]
381 778
[288, 597, 462, 347]
382 -61
[145, 267, 355, 156]
383 454
[198, 665, 357, 186]
384 362
[177, 200, 749, 207]
385 568
[281, 704, 302, 214]
386 3829
[561, 311, 602, 244]
387 883
[237, 378, 437, 731]
388 359
[416, 454, 280, 151]
389 690
[443, 481, 458, 237]
390 913
[262, 331, 463, 786]
391 802
[366, 306, 818, 249]
392 710
[227, 419, 307, 675]
393 674
[227, 748, 379, 266]
394 659
[220, 413, 747, 223]
395 577
[214, 773, 328, 220]
396 679
[422, 308, 636, 273]
397 652
[616, 305, 347, 314]
398 926
[231, 425, 443, 755]
399 810
[510, 588, 344, 240]
400 640
[298, 282, 739, 227]
401 825
[448, 534, 421, 304]
402 3836
[522, 519, 363, 297]
403 533
[200, 270, 291, 737]
404 757
[230, 293, 969, 214]
405 619
[208, 804, 354, 212]
406 3660
[473, 261, 582, 210]
407 1086
[256, 523, 430, 738]
408 3921
[484, 604, 386, 319]
409 845
[229, 327, 940, 295]
410 751
[234, 398, 373, 666]
411 945
[458, 594, 444, 328]
412 1040
[732, 449, 489, 277]
413 3581
[213, 232, 311, 735]
414 252
[176, 214, 284, 554]
415 702
[208, 270, 938, 248]
416 742
[215, 316, 394, 727]
417 851
[558, 304, 367, 488]
418 3648
[224, 664, 441, 217]
419 463
[209, 264, 762, 198]
420 482
[292, 349, 577, 227]
421 590
[197, 762, 348, 223]
422 3933
[719, 342, 506, 229]
423 616
[783, 204, 307, 227]
424 871
[604, 300, 636, 236]
425 790
[221, 693, 546, 238]
426 683
[232, 831, 360, 220]
427 614
[472, 293, 339, 457]
428 689
[531, 259, 338, 451]
429 558
[193, 836, 271, 220]
430 3517
[200, 381, 554, 275]
431 882
[239, 363, 424, 776]
432 576
[493, 485, 317, 214]
433 777
[209, 753, 558, 210]
434 4092
[245, 370, 436, 916]
435 939
[215, 486, 418, 740]
436 533
[402, 579, 318, 184]
437 765
[630, 547, 342, 186]
438 516
[422, 298, 299, 450]
439 613
[199, 269, 791, 316]
440 675
[359, 442, 285, 532]
441 3540
[355, 409, 263, 402]
442 3689
[505, 490, 348, 217]
443 790
[238, 351, 938, 203]
444 619
[230, 625, 531, 189]
445 812
[670, 502, 362, 208]
446 524
[233, 547, 348, 334]
447 911
[757, 291, 456, 279]
448 517
[181, 433, 669, 187]
449 503
[184, 239, 357, 692]
450 777
[415, 604, 481, 203]
451 872
[246, 427, 417, 716]
452 960
[220, 310, 626, 734]
453 902
[527, 275, 508, 505]
454 755
[537, 244, 339, 545]
455 368
[362, 214, 288, 448]
456 761
[217, 702, 498, 309]
457 3600
[312, 352, 340, 471]
458 544
[210, 634, 302, 354]
459 542
[190, 489, 586, 204]
460 205
[142, 357, 518, 156]
461 844
[708, 399, 381, 253]
462 321
[543, 275, 274, 194]
463 797
[401, 564, 474, 238]
464 1060
[615, 333, 452, 522]
465 676
[419, 279, 392, 524]
466 924
[487, 316, 358, 652]
467 573
[522, 212, 310, 461]
468 836
[190, 476, 825, 261]
469 372
[299, 371, 258, 412]
470 834
[423, 684, 368, 288]
471 822
[221, 285, 1051, 206]
472 541
[420, 590, 291, 186]
473 569
[501, 218, 631, 161]
474 802
[405, 298, 714, 285]
475 905
[263, 652, 440, 495]
476 560
[471, 182, 561, 261]
477 3896
[464, 538, 474, 277]
478 899
[374, 718, 375, 315]
479 893
[591, 414, 450, 341]
480 672
[216, 348, 789, 282]
481 969
[420, 706, 386, 349]
482 3605
[493, 473, 236, 277]
483 720
[304, 227, 907, 225]
484 739
[503, 314, 560, 321]
485 739
[297, 783, 326, 275]
486 835
[334, 539, 595, 287]
487 520
[856, 180, 230, 211]
488 3985
[360, 543, 651, 304]
489 740
[232, 811, 327, 299]
490 3673
[377, 226, 334, 619]
491 571
[503, 467, 277, 277]
492 739
[181, 867, 429, 213]
493 686
[300, 586, 550, 213]
494 3872
[219, 684, 442, 396]
495 4078
[557, 367, 398, 614]
496 613
[183, 238, 283, 876]
497 855
[212, 242, 335, 1013]
498 803
[218, 263, 1024, 236]
499 869
[222, 1000, 308, 265]
500 347
[416, 523, 208, 157]
501 193
[373, 170, 449, 153]
502 842
[205, 380, 372, 840]
503 552
[193, 209, 868, 248]
504 731
[720, 255, 354, 351]
505 669
[198, 875, 308, 227]
506 421
[152, 248, 771, 227]
507 183
[587, 181, 189, 159]
508 850
[842, 338, 331, 264]
509 4080
[237, 311, 1066, 350]
510 722
[726, 207, 370, 313]
511 635
[311, 230, 829, 206]
512 764
[210, 369, 819, 295]
513 1099
[321, 620, 681, 364]
514 446
[726, 164, 245, 255]
515 845
[318, 828, 313, 290]
516 657
[691, 298, 349, 248]
517 445
[162, 702, 363, 187]
518 817
[298, 246, 898, 298]
519 944
[462, 485, 533, 377]
520 238
[257, 162, 626, 181]
521 597
[208, 761, 311, 276]
522 757
[416, 416, 564, 277]
523 425
[168, 176, 871, 184]
524 396
[207, 738, 196, 165]
525 699
[492, 511, 366, 253]
526 752
[188, 369, 832, 286]
527 871
[243, 933, 359, 282]
528 560
[494, 407, 382, 233]
529 664
[281, 743, 324, 212]
530 659
[394, 223, 727, 258]
531 3834
[231, 389, 760, 327]
532 186
[603, 158, 241, 153]
533 188
[464, 306, 250, 135]
534 233
[731, 142, 145, 138]
535 178
[309, 551, 162, 112]
536 33
[176, 141, 531, 127]
537 740
[439, 447, 219, 546]
538 722
[395, 543, 203, 490]
539 414
[268, 420, 479, 189]
540 525
[579, 198, 477, 201]
541 513
[277, 198, 635, 358]
542 415
[317, 673, 159, 169]
543 -254
[130, 430, 83, 92]
544 546
[562, 191, 569, 159]
545 765
[395, 714, 351, 205]
546 98
[230, 174, 158, 507]
547 727
[362, 315, 740, 220]
548 592
[311, 637, 204, 392]
549 787
[582, 416, 463, 217]
550 688
[341, 810, 246, 243]
551 572
[209, 207, 251, 849]
552 636
[207, 216, 944, 232]
553 551
[427, 564, 300, 199]
554 848
[298, 241, 307, 902]
555 1013
[554, 409, 667, 271]
556 774
[280, 616, 522, 262]
557 221
[176, 615, 248, 135]
558 -272
[246, 232, 150, 72]
559 615
[279, 178, 517, 584]
560 842
[189, 263, 434, 910]
561 463
[159, 405, 560, 319]
562 569
[325, 195, 535, 437]
563 688
[283, 197, 300, 857]
564 3655
[565, 208, 334, 442]
565 631
[273, 782, 255, 232]
566 977
[403, 476, 628, 349]
567 495
[157, 854, 251, 201]
568 817
[219, 989, 291, 256]
569 487
[154, 206, 930, 175]
570 533
[157, 284, 845, 200]
571 832
[896, 287, 317, 236]
572 830
[235, 480, 739, 303]
573 654
[206, 790, 394, 203]
574 2832
[484, 81, 104, 86]
575 3968
[969, 298, 308, 231]
576 307
[755, 181, 189, 144]
577 673
[182, 366, 888, 197]
578 1072
[225, 441, 292, 1000]
579 823
[1007, 247, 277, 179]
580 769
[595, 508, 289, 312]
581 3743
[524, 221, 187, 668]
582 518
[173, 205, 800, 315]
583 517
[168, 171, 164, 950]
584 616
[153, 244, 168, 966]
585 388
[163, 320, 656, 223]
586 518
[467, 198, 160, 641]
587 613
[454, 214, 558, 330]
588 535
[255, 458, 483, 258]
589 437
[147, 522, 161, 579]
590 864
[356, 247, 384, 788]
591 3647
[850, 203, 179, 303]
592 406
[263, 208, 621, 283]
593 422
[140, 858, 144, 255]
594 10
[159, 136, 536, 159]
595 829
[921, 291, 193, 343]
596 512
[139, 477, 216, 643]
597 318
[151, 172, 681, 293]
598 906
[832, 267, 289, 426]
599 238
[132, 377, 122, 585]
600 359
[128, 155, 768, 282]
601 911
[190, 255, 385, 1034]
602 594
[172, 383, 672, 334]
603 723
[527, 297, 550, 262]
604 799
[455, 781, 204, 268]
605 1198
[343, 488, 981, 260]
606 606
[221, 389, 685, 221]
607 414
[439, 608, 170, 151]
608 756
[533, 262, 620, 260]
609 804
[182, 278, 1021, 258]
610 798
[191, 848, 241, 436]
611 514
[204, 234, 372, 647]
612 927
[896, 329, 337, 258]
613 4127
[200, 585, 340, 862]
614 3797
[641, 271, 492, 239]
615 727
[358, 335, 766, 193]
616 1135
[436, 934, 294, 342]
617 3580
[185, 180, 906, 190]
618 833
[175, 704, 312, 560]
619 810
[169, 1131, 230, 210]
620 623
[135, 1051, 158, 190]
621 446
[162, 201, 884, 172]
622 627
[164, 192, 294, 921]
623 3609
[506, 242, 534, 192]
624 882
[194, 1091, 227, 307]
625 601
[383, 755, 181, 245]
626 706
[948, 207, 203, 242]
627 3889
[197, 275, 408, 898]
628 847
[199, 1093, 264, 242]
629 670
[497, 694, 244, 184]
630 3460
[469, 163, 121, 599]
631 569
[159, 846, 159, 378]
632 845
[196, 909, 222, 457]
633 3638
[213, 234, 556, 532]
634 440
[821, 188, 155, 215]
635 466
[279, 195, 426, 487]
636 685
[186, 760, 234, 460]
637 732
[237, 749, 244, 457]
638 612
[893, 213, 156, 251]
639 3532
[511, 566, 154, 181]
640 466
[150, 838, 226, 223]
641 860
[393, 547, 527, 330]
642 647
[982, 242, 189, 162]
643 3739
[984, 278, 191, 154]
644 696
[200, 880, 385, 190]
645 403
[133, 448, 624, 174]
646 909
[497, 314, 702, 275]
647 1123
[805, 391, 515, 274]
648 822
[249, 691, 654, 160]
649 831
[170, 1020, 401, 173]
650 1156
[250, 564, 973, 259]
651 1010
[260, 388, 1035, 219]
652 3669
[924, 221, 226, 182]
653 608
[555, 206, 507, 253]
654 628
[457, 211, 678, 212]
655 284
[240, 152, 650, 185]
656 574
[517, 195, 575, 218]
657 751
[320, 251, 535, 560]
658 4077
[217, 291, 1160, 289]
659 958
[210, 301, 1144, 179]
660 730
[364, 313, 805, 166]
661 3781
[561, 607, 282, 178]
662 306
[491, 503, 142, 129]
663 593
[511, 641, 213, 178]
664 656
[686, 192, 486, 201]
665 394
[735, 170, 237, 188]
666 -22
[165, 123, 109, 560]
667 506
[164, 174, 771, 368]
668 799
[187, 254, 1092, 223]
669 790
[367, 550, 242, 506]
670 320
[161, 818, 174, 143]
671 852
[270, 945, 282, 245]
672 3708
[811, 241, 196, 326]
673 739
[322, 224, 894, 216]
674 3939
[472, 629, 430, 266]
675 694
[153, 855, 255, 374]
676 641
[173, 912, 312, 204]
677 867
[213, 491, 828, 263]
678 796
[287, 421, 585, 423]
679 3841
[444, 486, 258, 515]
680 1199
[361, 399, 1037, 263]
681 620
[650, 246, 430, 202]
682 73
[272, 512, 148, 115]
683 413
[280, 187, 713, 176]
684 604
[564, 194, 541, 234]
685 92
[426, 104, 409, 134]
686 504
[168, 201, 742, 368]
687 3741
[165, 230, 881, 366]
688 611
[149, 179, 192, 1046]
689 485
[826, 166, 227, 171]
690 655
[153, 360, 874, 196]
691 739
[203, 900, 358, 211]
692 675
[149, 1069, 230, 190]
693 937
[184, 564, 911, 175]
694 778
[180, 446, 841, 247]
695 -160
[189, 114, 107, 391]
696 451
[525, 166, 159, 563]
697 139
[237, 129, 583, 130]
698 602
[344, 182, 783, 241]
699 3579
[516, 168, 226, 543]
700 528
[360, 468, 479, 167]
701 707
[401, 462, 558, 206]
702 220
[371, 537, 173, 110]
703 455
[416, 488, 323, 158]
704 879
[276, 241, 730, 535]
705 229
[319, 407, 303, 164]
706 745
[515, 601, 258, 282]
707 635
[490, 610, 259, 181]
708 126
[165, 171, 628, 136]
709 3481
[281, 786, 133, 160]
710 663
[142, 256, 996, 204]
711 983
[301, 797, 549, 242]
712 3839
[435, 772, 204, 279]
713 253
[276, 651, 121, 149]
714 3281
[420, 110, 505, 128]
715 809
[259, 742, 478, 252]
716 906
[406, 248, 197, 923]
717 1096
[228, 338, 326, 1092]
718 1014
[224, 339, 1090, 269]
719 813
[243, 948, 263, 305]
720 233
[193, 703, 139, 150]
721 804
[201, 229, 1102, 221]
722 787
[928, 242, 282, 252]
723 117
[536, 130, 283, 143]
724 774
[437, 186, 800, 295]
725 302
[363, 135, 144, 626]
726 406
[163, 464, 565, 188]
727 557
[241, 363, 646, 223]
728 57
[275, 126, 107, 526]
729 3676
[424, 192, 722, 200]
730 3633
[525, 589, 169, 214]
731 351
[392, 532, 172, 193]
732 468
[911, 216, 139, 134]
733 421
[173, 368, 637, 155]
734 741
[352, 351, 805, 176]
735 688
[280, 381, 147, 824]
736 693
[506, 226, 681, 190]
737 800
[270, 315, 147, 986]
738 20
[173, 317, 415, 100]
739 283
[204, 792, 127, 130]
740 683
[214, 307, 929, 193]
741 440
[242, 131, 143, 881]
742 343
[209, 122, 850, 116]
743 596
[261, 254, 589, 452]
744 546
[305, 681, 145, 323]
745 581
[228, 690, 390, 188]
746 280
[160, 136, 452, 507]
747 395
[406, 171, 620, 174]
748 478
[491, 366, 431, 160]
749 609
[229, 325, 169, 844]
750 3692
[134, 573, 272, 605]
751 424
[129, 394, 672, 189]
752 621
[146, 593, 204, 630]
753 269
[109, 429, 134, 586]
754 757
[991, 226, 219, 224]
755 812
[919, 286, 207, 290]
756 474
[158, 957, 124, 209]
757 317
[149, 151, 793, 196]
758 195
[119, 132, 741, 183]
759 653
[292, 393, 672, 260]
760 699
[260, 529, 577, 278]
761 209
[761, 139, 114, 162]
762 575
[467, 466, 175, 422]
763 733
[436, 716, 245, 220]
764 724
[206, 265, 948, 273]
765 701
[134, 214, 243, 1069]
766 717
[141, 238, 213, 1043]
767 600
[158, 730, 156, 527]
768 836
[204, 1012, 167, 345]
769 613
[193, 373, 733, 254]
770 768
[168, 403, 823, 322]
771 3523
[132, 862, 152, 292]
772 720
[546, 187, 569, 332]
773 3937
[512, 784, 181, 304]
774 683
[551, 663, 144, 196]
775 543
[484, 159, 606, 222]
776 3885
[1050, 202, 161, 316]
777 711
[145, 347, 758, 381]
778 803
[175, 229, 188, 1168]
779 817
[148, 200, 1101, 270]
780 -54
[75, 298, 70, 493]
781 825
[808, 205, 161, 550]
782 3643
[125, 635, 138, 657]
783 -67
[132, 531, 110, 144]
784 814
[1106, 171, 152, 258]
785 679
[300, 179, 296, 846]
786 501
[102, 464, 268, 644]
787 573
[106, 584, 497, 360]
788 680
[737, 434, 160, 263]
789 588
[519, 222, 539, 238]
790 915
[154, 240, 160, 1310]
791 924
[579, 255, 549, 395]
792 250
[95, 759, 116, 263]
793 3781
[131, 369, 827, 362]
794 811
[134, 392, 911, 313]
795 507
[168, 917, 140, 247]
796 399
[308, 669, 125, 216]
797 631
[143, 485, 817, 149]
798 1046
[164, 1337, 291, 156]
799 654
[234, 465, 746, 172]
800 3753
[333, 915, 227, 184]
801 3691
[842, 350, 213, 171]
802 511
[250, 405, 676, 151]
803 605
[124, 207, 1101, 142]
804 715
[540, 217, 701, 163]
805 3368
[80, 142, 632, 441]
806 3868
[1111, 265, 188, 168]
807 106
[82, 107, 790, 118]
808 525
[113, 195, 162, 1030]
809 611
[148, 192, 985, 236]
810 100
[95, 111, 224, 659]
811 837
[479, 216, 853, 156]
812 732
[139, 767, 204, 593]
813 590
[1049, 189, 142, 133]
814 651
[115, 186, 1108, 175]
815 466
[191, 874, 172, 189]
816 553
[702, 204, 337, 226]
817 752
[111, 381, 1008, 145]
818 608
[872, 235, 159, 246]
819 239
[282, 257, 194, 477]
820 473
[212, 190, 877, 171]
821 937
[250, 800, 269, 527]
822 4048
[1028, 260, 320, 283]
823 825
[398, 407, 307, 620]
824 561
[126, 842, 220, 350]
825 649
[107, 341, 1006, 160]
826 1091
[1062, 370, 252, 273]
827 1160
[143, 1182, 320, 425]
828 756
[989, 246, 283, 144]
829 785
[118, 294, 1143, 178]
830 502
[758, 325, 211, 153]
831 3815
[1133, 218, 157, 147]
832 535
[841, 179, 212, 199]
833 295
[793, 162, 166, 146]
834 911
[663, 246, 296, 580]
835 631
[109, 192, 1149, 141]
836 598
[119, 828, 201, 417]
837 667
[121, 421, 244, 842]
838 3847
[512, 268, 673, 263]
839 3659
[903, 202, 253, 180]
840 442
[175, 150, 948, 148]
841 380
[729, 255, 191, 140]
842 400
[93, 821, 334, 137]
843 645
[718, 423, 254, 175]
844 370
[371, 161, 160, 596]
845 395
[99, 559, 535, 167]
846 3614
[545, 216, 586, 124]
847 820
[129, 551, 743, 346]
848 820
[134, 180, 890, 546]
849 784
[1007, 275, 222, 205]
850 657
[154, 212, 1070, 183]
851 3699
[390, 262, 217, 705]
852 571
[109, 305, 530, 604]
853 917
[612, 262, 742, 217]
854 740
[320, 174, 246, 873]
855 639
[113, 196, 1090, 209]
856 856
[124, 396, 1100, 176]
857 990
[378, 550, 320, 616]
858 674
[123, 182, 1140, 160]
859 665
[239, 221, 990, 189]
860 378
[286, 150, 758, 165]
861 500
[120, 168, 183, 1009]
862 851
[383, 233, 945, 176]
863 565
[137, 494, 379, 540]
864 980
[430, 1002, 272, 191]
865 791
[278, 203, 1055, 205]
866 839
[141, 245, 308, 1093]
867 3559
[115, 150, 1019, 188]
868 3686
[407, 179, 792, 175]
869 294
[323, 261, 463, 173]
870 3642
[114, 174, 1120, 141]
871 609
[126, 1065, 193, 192]
872 47
[86, 96, 769, 85]
873 595
[141, 1111, 181, 127]
874 545
[339, 152, 790, 197]
875 779
[259, 945, 272, 226]
876 299
[225, 149, 726, 165]
877 545
[450, 190, 152, 698]
878 569
[122, 216, 1013, 153]
879 907
[119, 1120, 331, 250]
880 760
[120, 182, 1155, 206]
881 3966
[308, 558, 685, 271]
882 3833
[892, 173, 348, 283]
883 1095
[135, 320, 1097, 449]
884 677
[260, 835, 266, 235]
885 804
[255, 212, 1061, 219]
886 912
[151, 1174, 253, 279]
887 828
[131, 232, 1184, 243]
888 883
[126, 693, 720, 260]
889 736
[267, 787, 392, 238]
890 3819
[240, 194, 438, 847]
891 735
[112, 190, 410, 985]
892 579
[248, 753, 222, 318]
893 786
[252, 667, 308, 481]
894 655
[247, 927, 181, 265]
895 636
[697, 423, 191, 251]
896 682
[83, 196, 859, 506]
897 1017
[119, 276, 1261, 287]
898 827
[856, 370, 252, 256]
899 812
[232, 686, 236, 551]
900 1223
[134, 354, 1360, 292]
901 720
[291, 643, 206, 523]
902 1253
[132, 1357, 323, 323]
903 500
[96, 178, 1073, 132]
904 760
[123, 1061, 300, 237]
905 1064
[144, 918, 445, 500]
906 3687
[103, 170, 1095, 214]
907 182
[71, 778, 94, 228]
908 600
[164, 143, 966, 269]
909 561
[201, 881, 105, 300]
910 263
[360, 99, 522, 229]
911 229
[215, 651, 85, 251]
912 598
[370, 133, 716, 284]
913 356
[137, 337, 575, 266]
914 740
[431, 206, 851, 183]
915 845
[148, 1042, 365, 250]
916 486
[82, 140, 1078, 169]
917 634
[101, 1164, 139, 166]
918 889
[124, 324, 1142, 258]
919 246
[112, 145, 555, 419]
920 488
[138, 323, 169, 773]
921 101
[94, 263, 640, 95]
922 483
[123, 333, 128, 869]
923 605
[156, 363, 827, 219]
924 851
[166, 294, 150, 1204]
925 514
[600, 524, 163, 176]
926 729
[281, 321, 814, 241]
927 443
[343, 357, 549, 153]
928 663
[116, 1039, 234, 233]
929 530
[929, 126, 258, 174]
930 716
[129, 340, 188, 1032]
931 495
[989, 150, 112, 205]
932 384
[433, 133, 125, 654]
933 798
[381, 196, 948, 211]
934 3749
[180, 949, 148, 380]
935 545
[142, 136, 823, 398]
936 318
[116, 361, 711, 112]
937 626
[143, 1090, 144, 176]
938 3274
[286, 107, 85, 685]
939 682
[305, 165, 1023, 152]
940 758
[192, 511, 155, 841]
941 416
[332, 130, 802, 130]
942 579
[419, 320, 144, 628]
943 96
[298, 358, 93, 311]
944 454
[93, 991, 150, 202]
945 641
[147, 161, 921, 359]
946 735
[130, 1153, 155, 207]
947 170
[254, 123, 654, 101]
948 362
[302, 734, 137, 169]
949 691
[339, 744, 291, 273]
950 709
[300, 186, 871, 302]
951 640
[325, 138, 170, 953]
952 3594
[700, 413, 141, 212]
953 467
[107, 1104, 117, 116]
954 3677
[950, 180, 271, 151]
955 628
[116, 378, 406, 677]
956 505
[255, 137, 838, 253]
957 333
[216, 135, 476, 482]
958 3271
[807, 118, 92, 141]
959 3712
[907, 169, 274, 216]
960 98
[208, 658, 64, 139]
961 887
[105, 1427, 157, 138]
962 905
[1175, 337, 161, 116]
963 726
[102, 369, 160, 1028]
964 901
[120, 235, 1288, 184]
965 3682
[106, 634, 747, 104]
966 944
[1178, 307, 163, 146]
967 636
[97, 344, 328, 828]
968 519
[82, 309, 963, 142]
969 812
[108, 873, 311, 461]
970 747
[1068, 244, 171, 189]
971 737
[94, 405, 998, 200]
972 502
[135, 171, 118, 1038]
973 572
[248, 428, 539, 253]
974 58
[68, 505, 357, 115]
975 603
[335, 171, 906, 125]
976 108
[522, 202, 208, 150]
977 375
[107, 111, 860, 265]
978 300
[841, 124, 135, 162]
979 523
[113, 137, 1040, 211]
980 3735
[105, 197, 202, 1140]
981 903
[106, 191, 1313, 211]
982 591
[110, 861, 223, 372]
983 335
[876, 98, 138, 175]
984 370
[82, 773, 167, 324]
985 785
[100, 1252, 219, 178]
986 716
[116, 160, 1169, 224]
987 728
[114, 905, 418, 243]
988 555
[97, 972, 260, 201]
989 671
[246, 182, 984, 211]
990 705
[102, 1134, 160, 231]
991 486
[364, 118, 771, 184]
992 992
[618, 506, 520, 252]
993 3519
[106, 411, 107, 787]
994 941
[551, 216, 634, 451]
995 921
[126, 551, 199, 961]
996 3706
[844, 353, 166, 215]
997 647
[344, 601, 466, 184]
998 513
[115, 365, 808, 202]
999 4175
[223, 753, 636, 432]
1000 892
[310, 196, 367, 949]
1001 360
[284, 96, 839, 125]
1002 476
[227, 133, 594, 497]
1003 717
[133, 412, 606, 534]
1004 552
[123, 518, 481, 409]
1005 818
[535, 149, 856, 229]
1006 667
[724, 503, 170, 222]
1007 381
[103, 1001, 129, 128]
1008 349
[493, 90, 596, 106]
1009 565
[103, 933, 321, 162]
1010 807
[137, 189, 585, 847]
1011 692
[112, 1160, 169, 217]
1012 660
[114, 156, 262, 1107]
1013 775
[1129, 166, 176, 189]
1014 609
[1034, 204, 142, 153]
1015 1
[60, 393, 218, 304]
1016 846
[1152, 206, 162, 234]
1017 655
[966, 230, 174, 205]
1018 396
[81, 898, 237, 164]
1019 564
[1021, 152, 113, 170]
1020 505
[483, 176, 115, 644]
1021 565
[1026, 149, 106, 192]
1022 4157
[479, 465, 715, 358]
1023 530
[67, 1011, 142, 269]
1024 498
[118, 142, 974, 241]
1025 368
[360, 124, 102, 723]
1026 622
[1002, 158, 140, 214]
1027 502
[351, 123, 350, 589]
1028 745
[89, 162, 162, 1300]
1029 780
[939, 249, 120, 401]
1030 583
[106, 969, 253, 228]
1031 209
[137, 121, 767, 143]
1032 471
[83, 114, 209, 1050]
1033 3201
[707, 95, 195, 99]
1034 266
[90, 89, 928, 140]
1035 237
[254, 85, 692, 193]
1036 803
[88, 428, 111, 1102]
1037 199
[802, 106, 112, 127]
1038 976
[118, 234, 1281, 284]
1039 3830
[966, 183, 347, 199]
1040 694
[125, 144, 144, 1247]
1041 601
[300, 784, 338, 152]
1042 3764
[75, 159, 266, 1169]
1043 731
[86, 394, 1019, 191]
1044 850
[96, 199, 228, 1284]
1045 1103
[119, 1324, 316, 243]
1046 3755
[1089, 163, 152, 219]
1047 3958
[104, 237, 248, 1261]
1048 1033
[87, 485, 1073, 289]
1049 884
[632, 813, 187, 155]
1050 540
[111, 505, 529, 363]
1051 1309
[121, 356, 620, 1121]
1052 523
[201, 201, 933, 141]
1053 317
[73, 936, 158, 133]
1054 889
[103, 230, 255, 1238]
1055 4019
[230, 351, 1132, 189]
1056 644
[346, 200, 867, 170]
1057 3752
[304, 217, 370, 725]
1058 812
[105, 258, 632, 751]
1059 1063
[224, 249, 1259, 245]
1060 749
[94, 933, 259, 405]
1061 1034
[84, 231, 744, 868]
1062 3907
[236, 232, 387, 944]
1063 3966
[97, 1116, 276, 366]
1064 565
[308, 129, 933, 151]
1065 704
[87, 368, 1010, 204]
1066 920
[238, 1049, 337, 243]
1067 703
[318, 885, 250, 173]
1068 51
[242, 104, 604, 86]
1069 452
[76, 155, 939, 259]
1070 1146
[212, 1060, 439, 293]
1071 833
[75, 1106, 278, 338]
1072 657
[142, 219, 963, 293]
1073 551
[243, 472, 223, 561]
1074 968
[141, 971, 555, 217]
1075 774
[78, 238, 1070, 347]
1076 1460
[841, 374, 688, 384]
1077 906
[106, 228, 583, 893]
1078 115
[60, 80, 139, 809]
1079 933
[205, 156, 1312, 207]
1080 4246
[310, 250, 1250, 295]
1081 1003
[349, 290, 1034, 241]
1082 763
[116, 151, 760, 677]
1083 728
[249, 225, 687, 504]
1084 4370
[425, 656, 763, 364]
1085 399
[169, 291, 758, 158]
1086 881
[265, 177, 1188, 215]
1087 551
[86, 155, 957, 303]
1088 410
[97, 92, 163, 1043]
1089 2912
[79, 663, 37, 45]
1090 3594
[910, 203, 140, 209]
1091 1104
[124, 230, 247, 1409]
1092 780
[358, 169, 136, 1052]
1093 384
[103, 109, 70, 1090]
1094 150
[716, 106, 107, 201]
1095 1053
[114, 1266, 352, 273]
1096 4058
[131, 191, 642, 960]
1097 799
[128, 153, 705, 755]
1098 895
[334, 148, 1053, 269]
1099 736
[282, 150, 279, 991]
1100 423
[87, 242, 214, 862]
1101 846
[103, 1215, 245, 229]
1102 1154
[257, 264, 1281, 263]
1103 638
[101, 447, 259, 783]
1104 746
[126, 507, 279, 799]
1105 695
[132, 382, 954, 173]
1106 348
[78, 696, 188, 364]
1107 788
[243, 201, 230, 1042]
1108 599
[358, 160, 204, 845]
1109 634
[104, 336, 460, 685]
1110 856
[116, 287, 818, 578]
1111 908
[98, 185, 395, 1196]
1112 729
[117, 140, 451, 975]
1113 807
[122, 644, 191, 803]
1114 737
[97, 1099, 250, 257]
1115 603
[89, 984, 159, 343]
1116 3780
[108, 208, 165, 1200]
1117 645
[129, 356, 186, 929]
1118 830
[84, 1152, 263, 276]
1119 897
[254, 224, 1026, 305]
1120 948
[347, 247, 889, 406]
1121 236
[343, 421, 100, 333]
1122 806
[131, 1166, 267, 157]
1123 785
[835, 192, 200, 508]
1124 1051
[545, 206, 326, 883]
1125 802
[180, 300, 1080, 202]
1126 690
[1100, 167, 155, 163]
1127 622
[1142, 130, 157, 139]
1128 4050
[163, 1368, 228, 170]
1129 690
[565, 539, 356, 143]
1130 -20
[659, 74, 141, 63]
1131 783
[411, 201, 957, 150]
1132 695
[195, 330, 975, 148]
1133 3826
[132, 1091, 356, 144]
1134 704
[126, 331, 337, 874]
1135 3870
[170, 169, 386, 1041]
1136 799
[367, 137, 1068, 170]
1137 662
[113, 145, 1283, 101]
1138 623
[303, 104, 606, 580]
1139 854
[810, 180, 626, 161]
1140 923
[281, 215, 1221, 177]
1141 955
[297, 192, 671, 746]
1142 908
[291, 174, 1001, 357]
1143 3641
[545, 104, 651, 217]
1144 583
[1089, 104, 141, 129]
1145 399
[313, 79, 836, 119]
1146 525
[864, 114, 260, 233]
1147 348
[325, 103, 806, 90]
1148 761
[150, 310, 1114, 133]
1149 678
[132, 265, 1079, 140]
1150 124
[352, 544, 119, 77]
1151 934
[961, 143, 412, 287]
1152 705
[147, 337, 1026, 147]
1153 687
[250, 343, 921, 135]
1154 431
[409, 383, 376, 239]
1155 913
[487, 522, 235, 573]
1156 3368
[436, 643, 72, 101]
1157 902
[695, 211, 205, 656]
1158 276
[87, 554, 168, 434]
1159 725
[588, 646, 190, 220]
1160 373
[943, 90, 120, 121]
1161 454
[123, 236, 988, 87]
1162 652
[539, 650, 201, 189]
1163 4071
[1218, 177, 245, 280]
1164 712
[238, 425, 873, 107]
1165 557
[494, 721, 98, 151]
1166 627
[293, 163, 936, 199]
1167 394
[152, 223, 890, 111]
1168 934
[684, 736, 168, 225]
1169 962
[481, 963, 199, 218]
1170 658
[261, 157, 137, 1046]
1171 510
[121, 154, 407, 783]
1172 616
[174, 369, 864, 174]
1173 3705
[125, 264, 1035, 169]
1174 700
[100, 380, 954, 207]
1175 552
[78, 1192, 154, 107]
1176 835
[95, 1373, 167, 118]
1177 665
[85, 309, 1104, 112]
1178 589
[111, 1033, 283, 108]
1179 753
[1239, 217, 75, 106]
1180 963
[100, 1547, 125, 137]
1181 1228
[372, 288, 1225, 254]
1182 601
[85, 1203, 121, 162]
1183 899
[129, 277, 160, 1271]
1184 536
[93, 171, 890, 356]
1185 608
[254, 572, 614, 142]
1186 3908
[147, 1384, 125, 150]
1187 325
[380, 223, 590, 111]
1188 968
[128, 991, 368, 417]
1189 724
[109, 756, 167, 659]
1190 564
[184, 185, 91, 1069]
1191 972
[352, 282, 1093, 192]
1192 758
[318, 204, 995, 200]
1193 854
[125, 272, 408, 994]
1194 706
[134, 223, 336, 977]
1195 4270
[280, 1092, 477, 282]
1196 965
[237, 570, 846, 222]
1197 1162
[315, 484, 1011, 267]
1198 450
[1038, 163, 68, 124]
1199 3944
[1046, 241, 250, 246]
1200 356
[75, 154, 829, 278]
1201 675
[717, 148, 523, 174]
1202 4223
[306, 269, 1234, 300]
1203 619
[111, 133, 491, 829]
1204 600
[95, 162, 296, 1020]
1205 994
[147, 295, 421, 1078]
1206 815
[155, 238, 545, 843]
1207 3833
[342, 190, 945, 251]
1208 989
[277, 254, 727, 636]
1209 637
[328, 154, 906, 216]
1210 689
[250, 221, 823, 348]
1211 823
[300, 287, 332, 861]
1212 987
[348, 520, 229, 812]
1213 1033
[527, 250, 250, 924]
1214 1187
[299, 420, 487, 848]
1215 890
[305, 1210, 111, 206]
1216 569
[327, 902, 75, 205]
1217 666
[492, 165, 125, 857]
1218 669
[295, 197, 78, 1034]
1219 3874
[1280, 188, 78, 165]
1220 3882
[1254, 256, 87, 142]
1221 469
[1086, 124, 61, 126]
1222 707
[509, 200, 61, 895]
1223 801
[128, 318, 629, 683]
1224 520
[139, 488, 521, 327]
1225 481
[241, 913, 149, 149]
1226 4015
[116, 487, 72, 1201]
1227 1026
[105, 1585, 69, 176]
1228 913
[100, 1531, 78, 139]
1229 3911
[109, 1395, 73, 219]
1230 489
[147, 1099, 72, 148]
1231 431
[985, 215, 50, 125]
1232 1000
[130, 317, 671, 825]
1233 721
[86, 225, 1049, 321]
1234 3577
[87, 1168, 63, 171]
1235 595
[101, 143, 72, 1253]
1236 605
[70, 154, 56, 1302]
1237 969
[775, 232, 498, 332]
1238 870
[97, 1215, 78, 405]
1239 903
[171, 740, 154, 792]
1240 699
[68, 1244, 70, 251]
1241 1068
[87, 1408, 92, 420]
1242 476
[317, 874, 63, 200]
1243 824
[570, 874, 81, 213]
1244 891
[153, 813, 632, 242]
1245 3761
[133, 681, 649, 174]
1246 4195
[1334, 299, 75, 284]
1247 1131
[144, 1452, 155, 279]
1248 837
[93, 1338, 98, 258]
1249 582
[99, 571, 613, 266]
1250 251
[87, 283, 682, 174]
1251 862
[1182, 219, 112, 198]
1252 599
[230, 172, 587, 551]
1253 593
[190, 146, 733, 451]
1254 618
[268, 124, 833, 347]
1255 656
[131, 161, 736, 601]
1256 606
[112, 174, 412, 834]
1257 3554
[937, 122, 243, 141]
1258 665
[1233, 146, 55, 170]
1259 518
[1220, 88, 43, 70]
1260 -197
[651, 48, 38, 54]
1261 352
[1091, 85, 54, 78]
1262 114
[889, 63, 41, 91]
1263 3176
[856, 71, 47, 93]
1264 449
[496, 146, 44, 709]
1265 557
[998, 152, 126, 220]
1266 402
[505, 97, 568, 167]
1267 583
[210, 148, 99, 1074]
1268 600
[107, 142, 1071, 216]
1269 402
[532, 608, 46, 169]
1270 388
[516, 598, 58, 135]
1271 366
[461, 592, 86, 144]
1272 625
[127, 171, 310, 972]
1273 319
[110, 127, 370, 691]
1274 631
[235, 123, 996, 173]
1275 578
[600, 625, 50, 208]
1276 629
[534, 781, 54, 159]
1277 721
[640, 720, 61, 188]
1278 805
[426, 117, 970, 196]
1279 701
[233, 130, 170, 1100]
1280 687
[181, 176, 1072, 196]
1281 642
[199, 292, 899, 185]
1282 483
[122, 1160, 56, 127]
1283 129
[347, 624, 44, 83]
1284 317
[467, 74, 644, 93]
1285 832
[283, 95, 204, 1202]
1286 497
[177, 56, 610, 589]
1287 751
[187, 203, 386, 867]
1288 712
[161, 137, 329, 1052]
1289 554
[138, 99, 406, 867]
1290 637
[304, 150, 930, 158]
1291 614
[203, 139, 982, 207]
1292 618
[325, 105, 544, 601]
1293 584
[78, 118, 477, 867]
1294 853
[134, 633, 270, 756]
1295 565
[72, 752, 340, 381]
1296 882
[79, 222, 311, 1213]
1297 501
[70, 400, 408, 604]
1298 801
[73, 1043, 114, 514]
1299 791
[103, 636, 75, 900]
1300 535
[73, 191, 64, 1180]
1301 614
[49, 199, 66, 1274]
1302 591
[74, 160, 56, 1278]
1303 651
[61, 1114, 67, 383]
1304 633
[83, 907, 97, 515]
1305 593
[66, 155, 66, 1281]
1306 394
[59, 85, 65, 1176]
1307 489
[58, 595, 495, 320]
1308 592
[70, 177, 516, 784]
1309 722
[109, 138, 797, 635]
1310 678
[271, 148, 626, 569]
1311 85
[245, 75, 162, 582]
1312 899
[189, 162, 842, 593]
1313 457
[70, 119, 922, 328]
1314 825
[242, 158, 717, 630]
1315 3787
[436, 133, 292, 770]
1316 334
[62, 65, 430, 764]
1317 295
[66, 83, 452, 662]
1318 542
[65, 220, 564, 651]
1319 19
[162, 67, 425, 345]
1320 383
[148, 787, 48, 387]
1321 267
[213, 578, 65, 400]
1322 239
[346, 73, 68, 701]
1323 445
[346, 124, 233, 700]
1324 361
[306, 64, 365, 589]
1325 651
[57, 132, 1206, 210]
1326 786
[65, 167, 1242, 285]
1327 795
[104, 233, 1150, 243]
1328 172
[209, 435, 445, 70]
1329 3799
[417, 376, 721, 157]
1330 892
[83, 392, 1153, 216]
1331 595
[82, 1256, 82, 157]
1332 3881
[62, 1245, 260, 197]
1333 -296
[148, 44, 448, 54]
1334 652
[403, 223, 774, 147]
1335 845
[133, 245, 1138, 261]
1336 780
[52, 202, 1247, 233]
1337 3957
[89, 205, 1283, 260]
1338 629
[75, 103, 1240, 174]
1339 387
[73, 64, 1118, 125]
1340 794
[87, 95, 1354, 218]
1341 897
[154, 153, 1286, 249]
1342 857
[285, 197, 1047, 240]
1343 542
[1128, 118, 63, 141]
1344 -223
[195, 58, 454, 58]
1345 249
[434, 70, 604, 102]
1346 372
[104, 77, 883, 294]
1347 480
[69, 118, 951, 324]
1348 251
[89, 109, 677, 365]
1349 654
[125, 138, 145, 1214]
1350 422
[516, 74, 40, 708]
1351 757
[507, 162, 250, 711]
1352 668
[137, 102, 252, 1119]
1353 -247
[162, 41, 110, 425]
1354 144
[330, 53, 59, 676]
1355 411
[433, 99, 90, 735]
1356 687
[104, 198, 71, 1266]
1357 523
[92, 141, 62, 1201]
1358 3922
[652, 188, 75, 847]
1359 510
[329, 110, 80, 955]
1360 621
[380, 169, 62, 940]
1361 3496
[518, 80, 74, 714]
1362 521
[534, 107, 89, 739]
1363 -178
[284, 30, 39, 435]
1364 485
[549, 74, 60, 757]
1365 250
[60, 71, 44, 1059]
1366 719
[96, 159, 53, 1365]
1367 1030
[162, 289, 62, 1435]
1368 938
[118, 195, 53, 1504]
1369 425
[76, 143, 83, 1103]
1370 929
[163, 235, 500, 965]
1371 364
[72, 109, 496, 663]
1372 3653
[128, 150, 949, 327]
1373 735
[137, 441, 746, 356]
1374 992
[192, 1148, 202, 381]
1375 1103
[180, 317, 503, 1033]
1376 1379
[249, 338, 1362, 299]
1377 948
[202, 287, 1218, 177]
1378 3591
[196, 158, 1016, 126]
1379 870
[156, 322, 1132, 171]
1380 957
[103, 354, 1163, 221]
1381 3794
[500, 197, 803, 137]
1382 3395
[527, 65, 53, 630]
1383 751
[444, 225, 325, 687]
1384 368
[384, 116, 182, 640]
1385 3372
[359, 65, 166, 666]
1386 3739
[490, 126, 389, 605]
1387 627
[300, 153, 443, 635]
1388 928
[671, 213, 73, 868]
1389 482
[520, 127, 39, 746]
1390 650
[73, 344, 604, 587]
1391 1172
[86, 442, 851, 685]
1392 3830
[95, 797, 415, 421]
1393 1308
[100, 1528, 335, 223]
1394 421
[49, 987, 45, 321]
1395 963
[101, 1104, 257, 384]
1396 709
[104, 319, 1041, 177]
1397 1089
[528, 357, 806, 289]
1398 4204
[438, 357, 973, 267]
1399 1023
[77, 1266, 234, 369]
1400 1001
[90, 554, 200, 1097]
1401 750
[60, 785, 692, 169]
1402 4360
[121, 1221, 727, 171]
1403 3880
[456, 302, 358, 623]
1404 971
[247, 598, 823, 192]
1405 785
[243, 268, 979, 206]
1406 757
[203, 316, 989, 167]
1407 4038
[522, 364, 835, 170]
1408 972
[317, 231, 1118, 142]
1409 1186
[110, 1077, 647, 256]
1410 655
[94, 554, 786, 162]
1411 4003
[95, 966, 515, 293]
1412 4081
[101, 389, 419, 1047]
1413 4196
[99, 1792, 70, 96]
1414 1164
[75, 1758, 57, 160]
1415 529
[87, 1074, 37, 306]
1416 3358
[386, 115, 79, 654]
1417 4095
[63, 536, 1288, 80]
1418 1273
[73, 599, 1379, 103]
1419 4122
[65, 441, 1387, 83]
1420 3849
[665, 276, 621, 139]
1421 870
[720, 250, 66, 737]
1422 1151
[50, 1280, 516, 238]
1423 1070
[63, 845, 1031, 65]
1424 4296
[74, 1022, 820, 231]
1425 4149
[53, 529, 350, 1087]
1426 4032
[69, 452, 1220, 186]
1427 1284
[194, 1776, 152, 73]
1428 3791
[344, 594, 671, 42]
1429 1352
[77, 744, 1196, 223]
1430 4218
[85, 1286, 372, 358]
1431 502
[243, 1001, 51, 176]
1432 3668
[660, 176, 49, 641]
1433 4328
[53, 782, 1074, 277]
1434 1260
[60, 723, 1283, 75]
1435 1234
[54, 1928, 85, 50]
1436 4178
[49, 1883, 56, 57]
1437 773
[38, 1366, 278, 56]
1438 1270
[61, 555, 1226, 288]
1439 1206
[60, 842, 1021, 159]
1440 1089
[354, 829, 119, 698]
1441 1004
[383, 770, 92, 652]
1442 3907
[433, 1212, 78, 51]
1443 902
[659, 996, 88, 55]
1444 1098
[413, 765, 169, 628]
1445 233
[253, 118, 345, 483]
1446 4357
[287, 893, 593, 418]
1447 988
[66, 1149, 507, 169]
1448 786
[368, 420, 266, 653]
1449 3996
[1140, 281, 306, 112]
1450 827
[130, 285, 952, 386]
1451 469
[180, 155, 634, 454]
1452 3878
[469, 251, 431, 587]
1453 4189
[486, 285, 666, 577]
1454 967
[469, 413, 436, 544]
1455 3818
[391, 246, 477, 566]
1456 3858
[55, 307, 1324, 66]
1457 582
[44, 181, 1269, 71]
1458 436
[61, 77, 1019, 264]
1459 594
[40, 123, 333, 1085]
1460 521
[75, 96, 273, 1065]
1461 749
[391, 135, 865, 235]
1462 790
[314, 167, 457, 779]
1463 999
[169, 273, 1247, 255]
1464 1146
[165, 259, 1479, 137]
1465 1296
[63, 424, 1203, 530]
1466 966
[49, 398, 743, 708]
1467 1081
[82, 428, 1003, 505]
1468 424
[106, 418, 610, 255]
1469 1130
[527, 407, 388, 655]
1470 4084
[64, 1156, 459, 282]
1471 1248
[70, 1061, 702, 303]
1472 825
[84, 368, 985, 301]
1473 1249
[150, 708, 810, 483]
1474 1103
[260, 712, 452, 584]
1475 3633
[226, 881, 251, 151]
1476 3462
[358, 636, 242, 118]
1477 1217
[248, 1298, 379, 165]
1478 617
[47, 145, 1334, 65]
1479 945
[45, 280, 1491, 71]
1480 903
[56, 331, 1387, 89]
1481 956
[216, 285, 1235, 129]
1482 4413
[426, 1068, 573, 167]
1483 580
[355, 1017, 83, 70]
1484 1401
[119, 1909, 96, 153]
1485 1299
[69, 1313, 657, 136]
1486 4359
[64, 685, 1266, 213]
1487 991
[68, 308, 1114, 432]
1488 457
[57, 945, 355, 80]
1489 1091
[110, 1224, 300, 358]
1490 3896
[619, 380, 82, 673]
1491 926
[855, 400, 472, 105]
1492 4059
[85, 257, 1469, 135]
1493 4294
[66, 351, 1512, 226]
1494 987
[55, 300, 1518, 64]
1495 933
[56, 298, 1455, 79]
1496 1216
[59, 386, 1486, 188]
1497 3712
[539, 136, 221, 690]
1498 754
[521, 241, 257, 652]
1499 974
[44, 362, 1426, 77]
1500 950
[57, 263, 1492, 68]
1501 608
[53, 165, 1096, 248]
1502 984
[501, 454, 279, 637]
1503 1589
[491, 845, 371, 693]
1504 4167
[167, 1188, 579, 86]
1505 3485
[368, 146, 253, 605]
1506 1099
[325, 616, 417, 650]
1507 652
[86, 942, 477, 87]
1508 887
[39, 1113, 566, 134]
1509 540
[91, 383, 729, 308]
1510 943
[167, 249, 963, 475]
1511 4079
[280, 1000, 506, 145]
1512 1036
[281, 885, 577, 177]
1513 1276
[418, 594, 632, 470]
1514 3915
[313, 356, 641, 454]
1515 680
[48, 569, 706, 329]
1516 872
[59, 506, 1101, 167]
1517 860
[183, 988, 404, 178]
1518 1004
[468, 1052, 140, 254]
1519 811
[404, 232, 161, 945]
1520 966
[96, 451, 577, 791]
1521 1224
[51, 553, 809, 744]
1522 1175
[56, 1107, 714, 231]
1523 1265
[77, 1309, 540, 265]
1524 756
[148, 663, 703, 176]
1525 1111
[383, 374, 1075, 163]
1526 602
[203, 205, 985, 156]
1527 839
[94, 692, 564, 438]
1528 3840
[76, 420, 778, 474]
1529 842
[100, 500, 620, 564]
1530 3781
[96, 562, 452, 569]
1531 4039
[375, 444, 416, 629]
1532 3950
[107, 1450, 98, 171]
1533 4278
[186, 1648, 78, 233]
1534 553
[117, 130, 54, 1206]
1535 563
[276, 990, 57, 208]
1536 953
[55, 1360, 81, 383]
1537 936
[147, 1204, 121, 393]
1538 931
[615, 220, 116, 847]
1539 1198
[61, 587, 1125, 309]
1540 964
[55, 351, 1232, 253]
1541 234
[25, 330, 732, 132]
1542 3998
[176, 905, 261, 538]
1543 882
[43, 1060, 505, 236]
1544 868
[64, 755, 453, 549]
1545 4043
[48, 362, 1266, 263]
1546 797
[40, 405, 860, 455]
1547 1155
[96, 559, 690, 734]
1548 968
[252, 348, 618, 652]
1549 4170
[161, 497, 1128, 215]
1550 1018
[56, 866, 590, 413]
1551 1366
[57, 1111, 519, 573]
1552 661
[66, 972, 231, 357]
1553 1192
[116, 1247, 346, 386]
1554 3980
[551, 210, 290, 781]
1555 854
[156, 479, 462, 667]
1556 638
[45, 917, 348, 299]
1557 922
[55, 1425, 211, 183]
1558 749
[94, 1150, 309, 162]
1559 3789
[316, 1067, 193, 74]
1560 961
[322, 1272, 193, 61]
1561 1258
[271, 825, 942, 77]
1562 500
[1117, 173, 90, 58]
1563 1075
[750, 914, 243, 90]
1564 946
[105, 454, 1201, 135]
1565 1089
[57, 464, 1337, 164]
1566 1159
[50, 735, 1165, 128]
1567 466
[37, 419, 914, 78]
1568 190
[36, 139, 778, 227]
1569 752
[205, 371, 752, 346]
1570 646
[447, 319, 178, 625]
1571 615
[494, 177, 101, 748]
1572 1357
[82, 717, 493, 936]
1573 901
[192, 292, 532, 835]
1574 3244
[194, 91, 360, 488]
1575 4055
[190, 460, 832, 423]
1576 3726
[149, 173, 809, 490]
1577 1144
[184, 730, 651, 496]
1578 886
[300, 302, 505, 672]
1579 1171
[194, 453, 863, 548]
1580 722
[58, 259, 1124, 248]
1581 964
[57, 358, 708, 760]
1582 1123
[309, 375, 938, 406]
1583 1465
[106, 354, 1419, 456]
1584 4483
[309, 363, 940, 695]
1585 740
[76, 746, 626, 246]
1586 874
[230, 573, 552, 452]
1587 3620
[366, 89, 525, 501]
1588 4214
[254, 153, 1186, 494]
1589 520
[107, 108, 834, 438]
1590 931
[139, 121, 1144, 421]
1591 3755
[231, 125, 889, 393]
1592 3622
[480, 79, 279, 656]
1593 581
[491, 85, 219, 715]
1594 872
[82, 107, 1523, 90]
1595 1017
[52, 243, 1326, 326]
1596 754
[39, 198, 877, 601]
1597 565
[26, 88, 1010, 416]
1598 751
[28, 174, 1227, 271]
1599 779
[55, 127, 1347, 198]
1600 258
[28, 53, 952, 223]
1601 808
[50, 153, 1228, 342]
1602 990
[53, 558, 728, 545]
1603 997
[72, 1161, 349, 351]
1604 928
[277, 403, 307, 865]
1605 587
[401, 141, 202, 769]
1606 1012
[553, 159, 362, 826]
1607 4165
[682, 219, 267, 819]
1608 975
[142, 242, 468, 1060]
1609 3677
[32, 992, 345, 245]
1610 939
[45, 1277, 369, 192]
1611 842
[48, 823, 389, 515]
1612 696
[42, 129, 613, 876]
1613 1051
[112, 411, 597, 847]
1614 1114
[51, 1171, 585, 232]
1615 804
[105, 1136, 397, 120]
1616 3569
[1185, 94, 79, 79]
1617 746
[1092, 185, 191, 211]
1618 798
[492, 170, 231, 800]
1619 575
[189, 289, 321, 733]
1620 662
[40, 726, 429, 443]
1621 837
[83, 896, 464, 347]
1622 721
[492, 502, 526, 129]
1623 601
[40, 373, 848, 314]
1624 602
[39, 213, 887, 445]
1625 923
[34, 170, 1157, 484]
1626 888
[38, 205, 1143, 441]
1627 644
[27, 119, 788, 685]
1628 953
[170, 184, 483, 1039]
1629 621
[322, 265, 499, 479]
1630 1170
[336, 240, 342, 1160]
1631 784
[47, 181, 690, 835]
1632 557
[216, 749, 216, 345]
1633 865
[1269, 232, 148, 93]
1634 1197
[819, 889, 213, 105]
1635 906
[1026, 224, 336, 263]
1636 1261
[315, 376, 385, 1059]
1637 1120
[743, 219, 284, 719]
1638 943
[983, 225, 352, 290]
1639 834
[880, 543, 257, 91]
1640 3526
[659, 461, 208, 90]
1641 970
[64, 595, 915, 311]
1642 914
[259, 1134, 221, 236]
1643 1211
[284, 1240, 163, 412]
1644 830
[100, 1205, 104, 343]
1645 625
[385, 966, 106, 117]
1646 3823
[1283, 217, 71, 115]
1647 734
[612, 215, 98, 716]
1648 4009
[1017, 517, 176, 155]
1649 864
[959, 529, 137, 165]
1650 1042
[1057, 524, 188, 132]
1651 3994
[680, 901, 180, 97]
1652 3630
[812, 511, 134, 61]
1653 3858
[727, 710, 175, 97]
1654 574
[29, 202, 1289, 30]
1655 782
[556, 304, 817, 37]
1656 1432
[45, 874, 1366, 38]
1657 1036
[188, 818, 504, 415]
1658 1284
[230, 796, 416, 730]
1659 489
[30, 963, 438, 40]
1660 728
[26, 659, 790, 204]
1661 4273
[52, 889, 983, 225]
1662 957
[288, 579, 540, 438]
1663 1215
[708, 935, 321, 137]
1664 1167
[522, 485, 284, 741]
1665 1067
[163, 642, 558, 595]
1666 813
[218, 317, 728, 487]
1667 586
[882, 229, 299, 91]
1668 1075
[312, 195, 1327, 149]
1669 1142
[146, 279, 1408, 198]
1670 3847
[410, 184, 371, 728]
1671 1312
[46, 360, 1065, 731]
1672 1048
[53, 301, 636, 956]
1673 1069
[44, 320, 1063, 549]
1674 4099
[35, 221, 1311, 421]
1675 1051
[350, 201, 684, 714]
1676 853
[53, 278, 850, 600]
1677 1363
[427, 960, 707, 109]
1678 3651
[619, 396, 484, 38]
1679 1234
[610, 1082, 364, 50]
1680 1319
[151, 1602, 422, 48]
1681 546
[466, 848, 170, 20]
1682 1117
[629, 1028, 314, 43]
1683 1140
[1070, 368, 344, 260]
1684 997
[567, 870, 398, 55]
1685 935
[71, 933, 782, 46]
1686 580
[423, 561, 489, 47]
1687 683
[759, 258, 557, 64]
1688 528
[108, 188, 1107, 64]
1689 475
[80, 66, 997, 290]
1690 639
[286, 77, 576, 644]
1691 755
[373, 100, 484, 739]
1692 181
[48, 670, 435, 22]
1693 475
[69, 833, 495, 37]
1694 554
[389, 105, 265, 710]
1695 630
[33, 674, 875, 35]
1696 925
[665, 149, 375, 618]
1697 573
[22, 110, 1077, 309]
1698 241
[122, 721, 338, 45]
1699 740
[466, 823, 249, 110]
1700 246
[28, 87, 879, 238]
1701 3535
[568, 49, 129, 656]
1702 796
[1226, 157, 188, 128]
1703 1162
[406, 197, 460, 950]
1704 1015
[63, 305, 1391, 182]
1705 956
[138, 210, 728, 785]
1706 997
[566, 184, 220, 875]
1707 737
[51, 112, 1116, 430]
1708 1025
[110, 199, 677, 943]
1709 580
[305, 65, 1000, 163]
1710 3905
[102, 158, 1424, 122]
1711 1006
[257, 169, 1371, 104]
1712 762
[101, 81, 1430, 99]
1713 244
[56, 50, 1081, 49]
1714 -38
[801, 48, 54, 20]
1715 674
[904, 51, 501, 106]
1716 744
[90, 92, 1202, 296]
1717 619
[434, 80, 187, 862]
1718 697
[737, 99, 623, 165]
1719 963
[127, 141, 1462, 179]
1720 3734
[1175, 92, 171, 150]
1721 729
[566, 176, 145, 758]
1722 3713
[376, 110, 502, 584]
1723 973
[93, 330, 1268, 204]
1724 758
[130, 408, 1004, 159]
1725 606
[105, 492, 875, 106]
1726 3798
[116, 1115, 346, 97]
1727 687
[196, 848, 504, 71]
1728 3450
[291, 661, 361, 38]
1729 3280
[366, 654, 55, 92]
1730 3910
[312, 585, 476, 413]
1731 -129
[750, 56, 16, 31]
1732 3863
[1269, 93, 184, 176]
1733 383
[395, 631, 161, 118]
1734 3326
[374, 735, 39, 64]
1735 662
[501, 85, 343, 677]
1736 763
[57, 269, 1364, 44]
1737 645
[124, 300, 1139, 46]
1738 3404
[383, 726, 113, 60]
1739 1099
[438, 849, 462, 263]
1740 1217
[190, 471, 429, 1002]
1741 864
[286, 911, 537, 44]
1742 922
[297, 819, 676, 31]
1743 887
[180, 869, 687, 39]
1744 1143
[146, 964, 875, 48]
1745 628
[123, 920, 518, 28]
1746 453
[242, 866, 276, 24]
1747 644
[344, 952, 244, 51]
1748 1110
[558, 919, 335, 159]
1749 3767
[281, 948, 315, 90]
1750 806
[57, 1083, 524, 90]
1751 1110
[42, 921, 931, 161]
1752 1024
[44, 412, 954, 523]
1753 1077
[405, 778, 651, 86]
1754 716
[223, 1197, 190, 49]
1755 723
[104, 1336, 124, 113]
1756 511
[388, 921, 55, 102]
1757 3507
[418, 785, 46, 133]
1758 1004
[69, 1440, 134, 272]
1759 885
[87, 1141, 158, 415]
1760 1156
[36, 530, 263, 1226]
1761 1073
[32, 876, 966, 76]
1762 3947
[72, 964, 679, 92]
1763 1126
[35, 549, 1155, 276]
1764 932
[30, 262, 498, 1093]
1765 4019
[149, 285, 955, 521]
1766 748
[69, 204, 936, 489]
1767 873
[32, 206, 423, 1141]
1768 1096
[544, 1003, 145, 250]
1769 3764
[478, 827, 116, 217]
1770 1061
[583, 960, 164, 225]
1771 886
[34, 1192, 172, 418]
1772 880
[29, 1102, 223, 438]
1773 1451
[108, 1675, 328, 184]
1774 1152
[124, 981, 843, 78]
1775 4076
[58, 548, 1208, 113]
1776 4004
[1300, 254, 201, 98]
1777 4134
[1404, 251, 208, 68]
1778 3872
[1360, 124, 112, 116]
1779 1070
[1316, 286, 206, 151]
1780 3818
[566, 813, 174, 123]
1781 670
[457, 473, 550, 106]
1782 689
[21, 360, 1064, 197]
1783 829
[186, 1208, 68, 264]
1784 4103
[30, 510, 74, 1370]
1785 3920
[439, 1020, 127, 183]
1786 1069
[670, 983, 98, 168]
1787 3797
[455, 933, 108, 167]
1788 794
[90, 433, 726, 490]
1789 1165
[147, 777, 1012, 126]
1790 3909
[321, 668, 657, 112]
1791 724
[28, 1608, 32, 24]
1792 4120
[27, 1898, 37, 38]
1793 939
[31, 1729, 85, 31]
1794 1010
[33, 578, 1257, 47]
1795 807
[15, 536, 1137, 36]
1796 750
[23, 559, 32, 1073]
1797 896
[452, 1304, 30, 27]
1798 3564
[592, 783, 25, 40]
1799 1372
[803, 1267, 48, 65]
1800 1001
[1479, 258, 48, 54]
1801 4043
[1420, 354, 26, 49]
1802 915
[630, 1054, 42, 93]
1803 3409
[502, 714, 25, 40]
1804 3913
[509, 266, 40, 954]
1805 846
[543, 946, 139, 91]
1806 725
[398, 155, 571, 528]
1807 4314
[489, 372, 473, 779]
1808 804
[529, 211, 268, 713]
1809 841
[323, 213, 400, 836]
1810 1194
[415, 332, 493, 811]
1811 1201
[418, 276, 403, 953]
1812 607
[222, 184, 556, 573]
1813 1251
[320, 971, 750, 48]
1814 1098
[411, 371, 818, 383]
1815 4105
[478, 416, 473, 571]
1816 4296
[344, 1150, 571, 28]
1817 1133
[152, 1774, 48, 37]
1818 885
[29, 1691, 41, 31]
1819 1114
[477, 1041, 344, 103]
1820 1521
[451, 833, 364, 675]
1821 3412
[133, 163, 415, 581]
1822 1125
[359, 544, 669, 405]
1823 1128
[32, 1436, 296, 228]
1824 4090
[249, 283, 1072, 309]
1825 1070
[108, 647, 884, 290]
1826 1027
[182, 465, 1022, 279]
1827 3522
[141, 127, 727, 430]
1828 644
[119, 461, 772, 248]
1829 863
[196, 267, 1018, 295]
1830 4277
[215, 406, 1219, 277]
1831 1625
[275, 834, 873, 456]
1832 1189
[31, 2022, 32, 30]
1833 1520
[40, 2297, 39, 31]
1834 1269
[36, 2070, 44, 49]
1835 1159
[41, 1420, 574, 35]
1836 4265
[38, 763, 1283, 41]
1837 1578
[31, 799, 1408, 178]
1838 1172
[32, 1635, 30, 402]
1839 3924
[204, 635, 540, 411]
1840 957
[184, 353, 846, 451]
1841 1269
[226, 611, 489, 827]
1842 926
[24, 347, 134, 1370]
1843 4193
[30, 502, 753, 780]
1844 4116
[246, 922, 754, 32]
1845 828
[17, 1684, 35, 28]
1846 4183
[37, 1948, 31, 33]
1847 1305
[35, 2079, 44, 30]
1848 1329
[33, 1045, 1086, 34]
1849 881
[29, 626, 1144, 26]
1850 1146
[24, 1800, 197, 33]
1851 4234
[33, 1888, 143, 29]
1852 902
[33, 602, 1037, 185]
1853 4193
[44, 972, 857, 185]
1854 4230
[30, 1126, 602, 340]
1855 1185
[162, 1001, 882, 41]
1856 655
[155, 618, 788, 28]
1857 4278
[208, 656, 1227, 37]
1858 3983
[194, 314, 1338, 34]
1859 869
[221, 361, 1204, 23]
1860 1210
[171, 621, 1272, 43]
1861 4149
[204, 527, 1258, 33]
1862 1565
[39, 660, 1529, 195]
1863 4130
[44, 571, 1153, 230]
1864 834
[29, 333, 1177, 247]
1865 911
[26, 398, 1083, 346]
1866 1173
[32, 530, 964, 547]
1867 4217
[30, 536, 1250, 265]
1868 1190
[31, 530, 687, 868]
1869 3604
[108, 177, 285, 928]
1870 3927
[554, 356, 26, 855]
1871 3796
[280, 267, 422, 685]
1872 744
[272, 248, 36, 1106]
1873 3776
[1294, 285, 30, 25]
1874 4286
[547, 565, 46, 946]
1875 3833
[1413, 239, 21, 18]
1876 1331
[1562, 510, 47, 26]
1877 3914
[754, 242, 22, 735]
1878 4036
[1485, 295, 35, 26]
1879 3638
[1348, 121, 17, 20]
1880 3930
[1494, 213, 29, 22]
1881 3852
[1379, 272, 23, 23]
1882 3874
[1440, 230, 22, 27]
1883 3948
[1434, 278, 22, 26]
1884 4165
[693, 363, 40, 851]
1885 873
[338, 360, 880, 203]
1886 4185
[1460, 437, 44, 36]
1887 3797
[1429, 151, 32, 19]
1888 3659
[1266, 184, 30, 28]
1889 3688
[1392, 103, 33, 20]
1890 3903
[1458, 216, 34, 24]
1891 1067
[1411, 434, 33, 23]
1892 3698
[1300, 197, 31, 19]
1893 4107
[1474, 390, 35, 25]
1894 692
[1379, 182, 18, 16]
1895 4062
[1524, 275, 33, 37]
1896 3498
[487, 113, 23, 739]
1897 1201
[40, 575, 1312, 170]
1898 3734
[641, 117, 31, 783]
1899 3905
[1436, 230, 23, 33]
1900 1271
[1468, 552, 39, 30]
1901 3750
[680, 223, 24, 680]
1902 3443
[1168, 107, 26, 15]
1903 4257
[1416, 574, 36, 24]
1904 3650
[644, 191, 19, 640]
1905 3807
[648, 244, 20, 750]
1906 4072
[1484, 318, 37, 32]
1907 4200
[33, 696, 1305, 31]
1908 4198
[1406, 547, 36, 29]
1909 1353
[150, 538, 1515, 23]
1910 3747
[27, 251, 1338, 36]
1911 3661
[1330, 134, 24, 24]
1912 4557
[1536, 684, 44, 35]
1913 4150
[1453, 459, 37, 18]
1914 3734
[1327, 178, 28, 25]
1915 3629
[552, 904, 18, 23]
1916 3554
[536, 838, 16, 20]
1917 1463
[962, 1244, 46, 34]
1918 3525
[554, 788, 16, 51]
1919 4731
[37, 983, 1056, 453]
1920 3767
[84, 1488, 29, 34]
1921 3990
[762, 1006, 23, 22]
1922 4200
[773, 1181, 29, 25]
1923 3833
[539, 1079, 23, 22]
1924 4424
[45, 2170, 24, 30]
1925 3892
[643, 1023, 20, 22]
1926 3929
[666, 1033, 21, 29]
1927 778
[230, 534, 924, 21]
1928 3736
[617, 935, 23, 19]
1929 4344
[459, 935, 30, 694]
1930 1526
[34, 2302, 35, 27]
1931 1658
[35, 2384, 30, 41]
1932 1571
[32, 2312, 40, 35]
1933 4219
[746, 1237, 20, 25]
1934 3908
[358, 746, 24, 629]
1935 3666
[330, 1138, 24, 26]
1936 1341
[358, 813, 1007, 32]
1937 3638
[581, 867, 21, 14]
1938 4032
[672, 1140, 20, 22]
1939 4044
[231, 617, 29, 993]
1940 3741
[25, 1584, 22, 18]
1941 1248
[33, 2084, 26, 25]
1942 4052
[22, 471, 30, 1414]
1943 1152
[17, 1968, 31, 31]
1944 4564
[32, 718, 26, 1624]
1945 4297
[35, 575, 33, 1508]
1946 1151
[24, 481, 25, 1550]
1947 1202
[27, 490, 33, 1563]
1948 4211
[29, 454, 33, 1560]
1949 3717
[25, 429, 24, 1144]
1950 4364
[38, 566, 36, 1570]
1951 3949
[31, 352, 19, 1432]
1952 1165
[20, 455, 33, 1550]
1953 4132
[20, 373, 23, 1593]
1954 4174
[32, 426, 20, 1563]
1955 1029
[16, 466, 28, 1463]
1956 4367
[32, 751, 29, 1401]
1957 4242
[35, 750, 26, 1310]
1958 1237
[30, 704, 25, 1396]
1959 3804
[434, 1175, 9, 26]
1960 3824
[684, 956, 16, 16]
1961 4182
[175, 746, 21, 1075]
1962 4181
[24, 1968, 27, 24]
1963 4601
[30, 2346, 18, 23]
1964 4414
[271, 1001, 27, 924]
1965 3971
[533, 1199, 24, 25]
1966 4333
[35, 715, 22, 1401]
1967 4302
[43, 673, 30, 1433]
1968 1450
[29, 2244, 25, 35]
1969 3743
[79, 1535, 22, 20]
1970 3997
[241, 632, 25, 929]
1971 1479
[31, 2224, 29, 29]
1972 4599
[31, 2316, 31, 29]
1973 1873
[44, 2559, 32, 43]
1974 4142
[25, 1949, 27, 30]
1975 4309
[21, 814, 23, 1304]
1976 3532
[16, 215, 18, 1204]
1977 3710
[599, 921, 18, 23]
1978 3905
[803, 881, 15, 17]
1979 3978
[903, 850, 22, 28]
1980 4051
[869, 955, 18, 20]
1981 3699
[683, 836, 25, 14]
1982 3716
[1342, 182, 29, 20]
1983 3631
[1284, 168, 24, 21]
1984 4075
[1485, 339, 30, 21]
1985 3958
[1384, 351, 16, 19]
1986 4137
[1392, 513, 30, 20]
1987 3745
[1273, 281, 21, 14]
1988 3798
[1359, 241, 15, 26]
1989 3697
[520, 990, 15, 16]
1990 3848
[700, 934, 23, 12]
1991 3726
[734, 807, 19, 23]
1992 4068
[816, 981, 25, 30]
1993 3762
[732, 838, 13, 17]
1994 3720
[608, 939, 18, 13]
1995 3715
[145, 1410, 14, 22]
1996 3774
[652, 920, 14, 22]
1997 4055
[801, 1015, 21, 20]
1998 3952
[815, 931, 21, 16]
1999 3962
[858, 889, 22, 25]
2000 1569
[21, 2345, 32, 25]
2001 4060
[21, 1855, 29, 24]
2002 3963
[703, 1037, 27, 27]
2003 3907
[718, 956, 23, 30]
2004 1362
[785, 1335, 21, 28]
2005 3834
[651, 970, 28, 17]
2006 3865
[718, 924, 20, 21]
2007 1247
[28, 2070, 26, 32]
2008 1373
[30, 2150, 25, 36]
2009 4705
[30, 905, 1523, 42]
2010 4286
[18, 803, 1298, 24]
2011 1236
[22, 540, 448, 1111]
2012 4023
[771, 1022, 22, 14]
2013 4301
[20, 697, 1420, 18]
2014 4612
[47, 744, 1282, 358]
2015 4532
[22, 704, 1329, 325]
2016 4155
[24, 451, 1548, 29]
2017 4252
[28, 593, 1451, 30]
2018 1072
[16, 394, 1571, 22]
2019 4171
[21, 479, 1517, 25]
2020 4315
[36, 624, 1468, 26]
2021 751
[23, 365, 1300, 18]
2022 3976
[30, 353, 1442, 19]
2023 4427
[43, 724, 1478, 22]
2024 1235
[26, 660, 1174, 241]
2025 1181
[29, 511, 1311, 237]
2026 1555
[40, 771, 1422, 163]
2027 4685
[32, 729, 1573, 178]
2028 634
[38, 305, 1053, 186]
2029 4341
[53, 565, 30, 1550]
2030 1078
[19, 433, 1331, 208]
2031 1280
[24, 535, 1392, 200]
2032 3819
[681, 218, 21, 746]
2033 3854
[604, 307, 12, 739]
2034 3797
[1388, 212, 19, 17]
2035 3938
[1396, 309, 28, 21]
2036 3560
[1231, 168, 17, 21]
2037 3574
[528, 85, 20, 820]
2038 3821
[638, 275, 22, 736]
2039 4417
[1552, 585, 33, 28]
2040 -193
[688, 41, 11, 11]
2041 3673
[1289, 186, 15, 31]
2042 3716
[1264, 254, 31, 18]
2043 3981
[1527, 259, 16, 19]
2044 3720
[738, 785, 16, 24]
2045 4219
[959, 1012, 24, 23]
2046 4212
[1524, 413, 25, 32]
2047 3843
[1445, 202, 14, 25]
2048 3738
[1455, 104, 16, 14]
2049 4011
[1536, 241, 22, 17]
2050 3765
[1425, 157, 22, 20]
2051 3667
[1367, 118, 18, 18]
2052 3900
[1401, 311, 9, 14]
2053 1235
[753, 1266, 22, 32]
2054 3944
[705, 1020, 17, 34]
2055 3546
[514, 886, 14, 17]
2056 3683
[596, 891, 16, 21]
2057 4390
[959, 1122, 29, 31]
2058 3982
[788, 963, 17, 17]
2059 1358
[938, 1185, 30, 23]
2060 3903
[465, 1213, 26, 22]
2061 4537
[32, 2300, 32, 24]
2062 4092
[26, 1903, 28, 14]
2063 3672
[627, 890, 11, 9]
2064 4157
[915, 360, 24, 661]
2065 3810
[638, 231, 12, 759]
2066 4613
[27, 1101, 29, 1281]
2067 4248
[791, 1204, 17, 18]
2068 4166
[17, 485, 24, 1506]
2069 1113
[30, 556, 23, 1436]
2070 4148
[28, 504, 25, 1486]
2071 4106
[31, 449, 23, 1477]
2072 4308
[813, 1218, 27, 24]
2073 973
[651, 936, 239, 23]
2074 4398
[18, 789, 1395, 29]
2075 3462
[466, 815, 30, 13]
2076 794
[661, 944, 26, 17]
2077 1178
[834, 1102, 42, 31]
2078 4461
[21, 931, 34, 1328]
2079 1392
[163, 835, 1224, 29]
2080 839
[717, 945, 28, 20]
2081 3788
[635, 936, 51, 12]
2082 4436
[883, 1134, 17, 179]
2083 1156
[18, 802, 23, 1190]
2084 3726
[363, 1189, 31, 18]
2085 3607
[176, 474, 811, 20]
2086 4055
[676, 1150, 30, 23]
2087 3841
[527, 993, 46, 126]
2088 3886
[414, 899, 280, 131]
2089 4553
[27, 2331, 22, 15]
2090 922
[17, 1810, 14, 26]
2091 4461
[20, 2206, 27, 15]
2092 4119
[22, 1914, 29, 26]
2093 766
[25, 553, 1127, 18]
2094 346
[13, 1252, 28, 17]
2095 4603
[26, 2357, 24, 27]
2096 4364
[27, 731, 1440, 25]
2097 4526
[19, 947, 1361, 28]
2098 872
[24, 620, 1131, 15]
2099 4186
[12, 567, 1490, 22]
2100 4087
[109, 514, 1294, 23]
2101 4468
[446, 1743, 48, 18]
2102 1100
[383, 1086, 472, 22]
2103 486
[460, 859, 39, 12]
2104 374
[148, 506, 672, 17]
2105 1330
[36, 725, 1397, 35]
2106 4768
[29, 836, 1528, 209]
2107 860
[356, 352, 508, 522]
2108 3702
[717, 156, 12, 665]
2109 3735
[590, 218, 51, 716]
2110 4730
[30, 786, 26, 1686]
2111 4094
[166, 424, 17, 1353]
2112 3792
[571, 172, 150, 757]
2113 3744
[322, 192, 549, 531]
2114 3974
[166, 452, 772, 455]
2115 1096
[48, 520, 235, 1193]
2116 4641
[33, 729, 33, 1696]
2117 1443
[716, 662, 72, 778]
2118 1443
[784, 591, 244, 619]
2119 4509
[118, 746, 1268, 193]
2120 3698
[579, 144, 106, 733]
2121 4043
[1484, 317, 36, 14]
2122 1164
[19, 522, 1505, 24]
2123 3979
[20, 316, 1513, 23]
2124 4864
[201, 913, 1526, 23]
2125 1498
[193, 714, 1423, 29]
2126 342
[1127, 119, 16, 19]
2127 528
[1219, 189, 26, 19]
2128 3865
[1277, 401, 24, 20]
2129 850
[1397, 272, 30, 14]
2130 512
[521, 153, 743, 17]
2131 3622
[355, 173, 935, 20]
2132 1306
[18, 544, 1621, 23]
2133 1333
[490, 503, 729, 421]
2134 3616
[584, 95, 60, 732]
2135 3704
[774, 142, 125, 506]
2136 813
[18, 361, 1304, 57]
2137 733
[1298, 220, 55, 23]
2138 3707
[1268, 223, 38, 22]
2139 336
[1031, 221, 26, 9]
2140 618
[1339, 126, 25, 24]
2141 3848
[1364, 236, 47, 43]
2142 843
[615, 363, 47, 688]
2143 3932
[858, 248, 15, 647]
2144 3849
[737, 225, 23, 688]
2145 3798
[732, 205, 18, 697]
2146 318
[390, 303, 152, 414]
2147 4483
[21, 638, 1647, 29]
2148 572
[353, 247, 334, 578]
2149 964
[736, 349, 60, 693]
2150 3851
[687, 283, 78, 650]
2151 3677
[485, 167, 179, 712]
2152 926
[134, 486, 1164, 27]
2153 3824
[669, 941, 30, 20]
2154 1128
[147, 599, 26, 1249]
2155 3724
[548, 944, 35, 25]
2156 3708
[649, 865, 43, 18]
2157 765
[703, 860, 34, 21]
2158 3381
[204, 747, 11, 296]
2159 1104
[21, 529, 16, 1473]
2160 3633
[627, 716, 122, 20]
2161 3203
[447, 483, 170, 12]
2162 4117
[714, 864, 311, 14]
2163 4194
[440, 738, 804, 17]
2164 710
[131, 723, 787, 11]
2165 1186
[19, 493, 1531, 32]
2166 4479
[19, 628, 1641, 26]
2167 4422
[27, 601, 1612, 22]
2168 4662
[24, 732, 1707, 18]
2169 4412
[18, 617, 1597, 20]
2170 1311
[22, 663, 1481, 23]
2171 4443
[24, 605, 1631, 28]
2172 921
[16, 390, 1455, 11]
2173 1524
[35, 722, 1623, 20]
2174 1247
[48, 607, 1404, 78]
2175 4084
[14, 361, 1543, 26]
2176 4322
[23, 525, 1622, 26]
2177 1603
[37, 717, 1655, 37]
2178 1311
[23, 497, 1631, 21]
2179 4646
[27, 679, 1734, 26]
2180 4576
[28, 939, 1405, 28]
2181 1334
[26, 790, 1387, 13]
2182 4554
[34, 801, 1532, 24]
2183 4200
[32, 636, 1371, 25]
2184 1029
[25, 546, 1328, 28]
2185 4041
[22, 385, 147, 1363]
2186 4583
[32, 847, 987, 537]
2187 1283
[29, 620, 1503, 48]
2188 1021
[26, 523, 1019, 379]
2189 3906
[17, 466, 201, 1111]
2190 814
[399, 667, 590, 34]
2191 3934
[691, 889, 178, 17]
2192 3569
[422, 666, 331, 14]
2193 1480
[28, 678, 1538, 113]
2194 870
[20, 354, 1375, 67]
2195 1049
[37, 345, 1505, 86]
2196 399
[21, 85, 1223, 56]
2197 987
[30, 299, 1483, 86]
2198 756
[60, 176, 1344, 104]
2199 1056
[33, 354, 1436, 143]
2200 434
[61, 160, 1123, 72]
2201 956
[24, 395, 1320, 162]
2202 882
[32, 305, 1411, 68]
2203 237
[25, 132, 845, 222]
2204 593
[107, 78, 1144, 240]
2205 818
[87, 156, 1354, 143]
2206 631
[37, 115, 1395, 65]
2207 481
[78, 84, 1049, 255]
2208 849
[59, 111, 400, 1238]
2209 270
[304, 73, 819, 45]
2210 3227
[156, 26, 949, 11]
2211 750
[93, 95, 1407, 107]
2212 534
[82, 117, 1277, 44]
2213 11
[45, 15, 907, 40]
2214 797
[108, 123, 1451, 67]
2215 282
[78, 24, 1108, 68]
2216 259
[18, 21, 1167, 45]
2217 444
[118, 37, 1219, 52]
2218 355
[102, 26, 1188, 29]
2219 272
[73, 36, 1132, 27]
2220 845
[104, 157, 1416, 90]
2221 453
[100, 66, 1215, 34]
2222 534
[75, 94, 1289, 53]
2223 686
[93, 102, 1395, 72]
2224 27
[46, 71, 841, 62]
2225 568
[41, 90, 1018, 406]
2226 681
[33, 191, 595, 820]
2227 431
[8, 397, 512, 494]
2228 622
[12, 83, 1380, 111]
2229 905
[20, 402, 1317, 108]
2230 733
[141, 156, 1287, 101]
2231 980
[17, 518, 177, 1224]
2232 778
[259, 541, 750, 130]
2233 505
[115, 307, 919, 135]
2234 0
[126, 386, 437, 30]
2235 439
[177, 361, 788, 73]
2236 959
[82, 413, 1321, 66]
2237 552
[110, 262, 1009, 132]
2238 3654
[322, 178, 741, 296]
2239 725
[86, 588, 897, 83]
2240 671
[22, 233, 1317, 85]
2241 907
[33, 200, 1508, 111]
2242 693
[28, 230, 1325, 81]
2243 924
[127, 216, 1423, 77]
2244 680
[155, 145, 1245, 75]
2245 1098
[307, 243, 1310, 123]
2246 1018
[290, 343, 1174, 62]
2247 684
[70, 229, 222, 1109]
2248 940
[60, 242, 241, 1350]
2249 785
[740, 165, 714, 63]
2250 550
[582, 99, 738, 18]
2251 -98
[342, 32, 484, 25]
2252 1079
[490, 297, 628, 525]
2253 1009
[117, 353, 298, 1174]
2254 839
[112, 175, 261, 1232]
2255 534
[66, 112, 401, 933]
2256 3522
[255, 87, 999, 60]
2257 822
[50, 228, 1395, 114]
2258 712
[40, 154, 1379, 100]
2259 3617
[66, 85, 1263, 106]
2260 845
[63, 153, 1450, 130]
2261 877
[68, 198, 1391, 185]
2262 651
[17, 232, 1283, 73]
2263 843
[84, 194, 1325, 184]
2264 861
[67, 308, 1025, 366]
2265 605
[35, 139, 278, 1106]
2266 946
[81, 154, 1565, 89]
2267 658
[29, 224, 1299, 74]
2268 900
[34, 348, 1364, 105]
2269 716
[58, 176, 312, 1138]
2270 772
[100, 219, 249, 1162]
2271 955
[42, 252, 820, 774]
2272 1034
[49, 261, 1589, 75]
2273 1023
[59, 414, 1358, 133]
2274 1036
[64, 411, 656, 825]
2275 262
[103, 143, 919, 74]
2276 1069
[231, 325, 1319, 80]
2277 831
[220, 225, 1196, 123]
2278 760
[172, 148, 1197, 134]
2279 862
[187, 154, 1355, 79]
2280 775
[133, 107, 741, 726]
2281 471
[45, 115, 295, 990]
2282 447
[266, 88, 943, 120]
2283 3178
[204, 34, 803, 28]
2284 965
[448, 133, 1176, 88]
2285 1041
[274, 200, 1335, 91]
2286 681
[42, 189, 393, 1010]
2287 416
[92, 96, 306, 901]
2288 687
[65, 109, 686, 745]
2289 1010
[103, 290, 1009, 536]
2290 706
[87, 188, 1300, 50]
2291 688
[118, 119, 362, 1061]
2292 582
[72, 121, 213, 1151]
2293 573
[43, 223, 1199, 81]
2294 934
[128, 138, 1513, 112]
2295 710
[51, 303, 1207, 123]
2296 592
[13, 179, 537, 828]
2297 644
[49, 149, 1365, 51]
2298 372
[43, 62, 1181, 78]
2299 802
[52, 132, 1524, 79]
2300 757
[48, 91, 1455, 128]
2301 598
[46, 112, 1226, 194]
2302 418
[38, 240, 928, 195]
2303 756
[42, 77, 1219, 403]
2304 782
[57, 158, 1117, 416]
2305 1198
[113, 308, 616, 1063]
2306 683
[71, 119, 900, 559]
2307 852
[68, 245, 1289, 173]
2308 913
[75, 191, 1573, 14]
2309 837
[38, 104, 1646, 21]
2310 552
[39, 48, 1421, 16]
2311 912
[101, 164, 1561, 16]
2312 138
[21, 10, 1095, 12]
2313 653
[28, 96, 1499, 13]
2314 338
[12, 131, 1180, 9]
2315 150
[35, 24, 1066, 18]
2316 489
[72, 72, 1293, 10]
2317 -24
[89, 189, 672, 13]
2318 847
[164, 861, 644, 71]
2319 783
[55, 1229, 412, 62]
2320 363
[23, 822, 441, 49]
2321 704
[17, 174, 483, 1010]
2322 687
[10, 173, 900, 581]
2323 718
[15, 101, 1091, 485]
2324 817
[21, 127, 1617, 27]
2325 646
[19, 51, 1502, 24]
2326 539
[79, 88, 1322, 31]
2327 -473
[33, 38, 442, 12]
2328 876
[137, 123, 1502, 24]
2329 615
[35, 29, 1494, 45]
2330 559
[76, 58, 1374, 20]
2331 -164
[118, 26, 619, 63]
2332 822
[233, 79, 1224, 208]
2333 792
[380, 92, 1111, 112]
2334 673
[495, 185, 835, 59]
2335 473
[285, 68, 976, 70]
2336 3056
[237, 13, 664, 45]
2337 866
[493, 152, 804, 334]
2338 674
[16, 154, 287, 1174]
2339 886
[32, 286, 66, 1463]
2340 759
[16, 186, 123, 1404]
2341 886
[19, 182, 104, 1551]
2342 769
[53, 198, 106, 1365]
2343 760
[46, 219, 255, 1201]
2344 3886
[631, 214, 680, 220]
2345 799
[524, 134, 753, 313]
2346 863
[260, 838, 602, 84]
2347 903
[226, 834, 643, 93]
2348 268
[159, 55, 854, 170]
2349 581
[22, 100, 952, 485]
2350 947
[13, 263, 685, 916]
2351 941
[19, 195, 826, 830]
2352 750
[23, 180, 1245, 272]
2353 488
[18, 94, 1091, 267]
2354 1118
[19, 845, 762, 420]
2355 1212
[11, 242, 1600, 317]
2356 802
[13, 153, 1517, 92]
2357 819
[7, 226, 1414, 148]
2358 791
[36, 171, 1202, 351]
2359 1202
[15, 287, 1672, 178]
2360 1264
[30, 271, 1694, 181]
2361 1149
[21, 365, 1625, 81]
2362 819
[30, 245, 1412, 97]
2363 899
[18, 289, 1468, 85]
2364 710
[16, 147, 1384, 136]
2365 351
[15, 96, 1152, 75]
2366 999
[14, 247, 1590, 103]
2367 380
[16, 73, 1218, 63]
2368 1421
[22, 453, 1711, 132]
2369 891
[30, 250, 1447, 109]
2370 623
[73, 285, 1180, 64]
2371 492
[105, 66, 1233, 48]
2372 508
[17, 66, 1291, 117]
2373 1021
[21, 269, 1607, 54]
2374 557
[11, 68, 1416, 55]
2375 126
[12, 32, 1074, 5]
2376 157
[31, 30, 1053, 32]
2377 619
[65, 47, 1476, 14]
2378 446
[64, 31, 1294, 15]
2379 122
[24, 35, 1046, 8]
2380 453
[52, 38, 1312, 16]
2381 753
[104, 95, 1491, 7]
2382 442
[105, 13, 1303, 7]
2383 253
[104, 25, 1094, 14]
2384 561
[352, 40, 1092, 19]
2385 326
[159, 27, 1116, 10]
2386 571
[209, 83, 1211, 14]
2387 101
[80, 12, 998, 6]
2388 161
[77, 12, 1047, 20]
2389 627
[139, 62, 1310, 90]
2390 998
[625, 234, 925, 68]
2391 820
[412, 362, 858, 82]
2392 391
[249, 35, 1030, 57]
2393 516
[351, 592, 512, 8]
2394 541
[61, 705, 747, 11]
2395 53
[21, 260, 763, 10]
2396 173
[23, 187, 956, 7]
2397 625
[102, 677, 780, 11]
2398 -43
[55, 507, 372, 13]
2399 695
[22, 222, 1407, 10]
2400 752
[98, 975, 633, 16]
2401 940
[106, 745, 886, 119]
2402 981
[199, 1095, 494, 79]
2403 3525
[124, 975, 276, 44]
2404 3508
[161, 701, 496, 35]
2405 678
[151, 1133, 305, 56]
2406 628
[136, 852, 532, 74]
2407 664
[166, 926, 471, 71]
2408 821
[241, 968, 475, 77]
2409 847
[104, 1119, 427, 136]
2410 913
[256, 1184, 333, 63]
2411 3834
[560, 124, 959, 28]
2412 687
[359, 132, 981, 187]
2413 567
[366, 232, 799, 131]
2414 968
[736, 194, 837, 65]
2415 634
[350, 80, 966, 193]
2416 398
[44, 220, 1050, 74]
2417 3833
[396, 90, 901, 315]
2418 602
[379, 102, 729, 343]
2419 3928
[403, 294, 970, 101]
2420 698
[232, 463, 186, 745]
2421 3551
[252, 327, 829, 49]
2422 799
[282, 223, 1107, 134]
2423 -144
[176, 249, 401, 18]
2424 646
[229, 428, 906, 24]
2425 3896
[118, 861, 568, 236]
2426 3622
[280, 191, 1032, 12]
2427 890
[173, 340, 1306, 13]
2428 351
[201, 165, 923, 12]
2429 4218
[128, 831, 1101, 15]
2430 995
[141, 477, 1280, 9]
2431 698
[442, 960, 217, 9]
2432 3937
[144, 1470, 183, 11]
2433 783
[193, 1027, 473, 12]
2434 3612
[188, 141, 1123, 58]
2435 869
[233, 684, 846, 38]
2436 4024
[287, 365, 1204, 9]
2437 762
[404, 196, 1080, 13]
2438 1004
[172, 396, 1331, 12]
2439 307
[317, 141, 806, 12]
2440 796
[318, 445, 945, 11]
2441 786
[993, 318, 385, 5]
2442 1118
[1438, 316, 185, 17]
2443 1028
[378, 675, 854, 21]
2444 948
[554, 433, 850, 14]
2445 1094
[147, 789, 1044, 11]
2446 646
[572, 270, 677, 19]
2447 725
[688, 859, 37, 9]
2448 4091
[477, 312, 980, 142]
2449 1580
[586, 733, 722, 354]
2450 924
[986, 799, 37, 10]
2451 3920
[157, 1573, 58, 10]
2452 926
[751, 1012, 38, 10]
2453 842
[663, 1076, 39, 11]
2454 3687
[581, 214, 738, 9]
2455 4073
[247, 1040, 556, 88]
2456 3605
[1315, 111, 26, 10]
2457 3206
[992, 77, 13, 10]
2458 3858
[1311, 344, 40, 7]
2459 3831
[1385, 236, 35, 10]
2460 901
[1377, 346, 42, 11]
2461 4004
[1613, 169, 14, 10]
2462 4002
[1548, 237, 18, 11]