0 -26
[237, 238, 225, 253]

1 637
[352, 406, 402, 392]

2 329
[330, 330, 339, 308]

3 733
[419, 395, 426, 418]

4 644
[366, 385, 383, 421]

5 630
[378, 388, 402, 366]

6 352
[328, 319, 346, 334]

7 440
[360, 332, 382, 315]

8 38
[269, 256, 250, 243]

9 192
[286, 281, 268, 311]

10 248
[305, 309, 298, 290]

11 673
[415, 387, 396, 392]

12 234
[295, 312, 309, 297]

13 484
[381, 379, 317, 345]

14 631
[400, 412, 394, 380]

15 658
[391, 399, 417, 387]

16 69
[261, 251, 269, 252]

17 236
[326, 305, 273, 291]

18 665
[401, 388, 423, 377]

19 720
[423, 380, 473, 370]

20 198
[258, 262, 257, 334]

21 831
[468, 444, 434, 425]

22 304
[305, 316, 319, 339]

23 422
[337, 342, 360, 350]

24 120
[267, 323, 260, 250]

25 113
[264, 279, 271, 278]

26 801
[420, 456, 420, 417]

27 474
[395, 367, 359, 320]

28 670
[370, 406, 421, 391]

29 -79
[246, 226, 221, 220]

30 502
[336, 351, 358, 400]

31 -3
[242, 242, 274, 227]

32 3337
[367, 305, 303, 275]

33 289
[283, 358, 312, 291]

34 633
[378, 449, 365, 350]

35 293
[309, 307, 339, 271]

36 527
[377, 362, 392, 351]

37 431
[355, 352, 375, 312]

38 205
[298, 287, 308, 281]

39 3144
[249, 280, 253, 261]

40 543
[318, 347, 377, 424]

41 143
[281, 336, 245, 260]

42 605
[359, 451, 364, 376]

43 477
[338, 398, 356, 351]

44 429
[324, 326, 355, 387]

45 310
[297, 358, 315, 296]

46 3578
[330, 414, 391, 331]

47 65
[227, 265, 296, 242]

48 860
[442, 430, 384, 506]

49 365
[399, 312, 314, 310]

50 172
[243, 311, 268, 293]

51 874
[529, 411, 434, 438]

52 137
[241, 278, 259, 317]

53 607
[444, 379, 356, 361]

54 605
[428, 402, 393, 340]

55 713
[375, 468, 388, 392]

56 495
[316, 411, 377, 322]

57 379
[396, 330, 320, 296]

58 527
[369, 426, 364, 334]

59 596
[393, 330, 456, 336]

60 526
[308, 426, 384, 378]

61 209
[269, 305, 307, 286]

62 612
[434, 334, 425, 369]

63 24
[243, 277, 253, 234]

64 351
[323, 356, 305, 341]

65 394
[303, 389, 350, 307]

66 425
[286, 447, 323, 334]

67 187
[302, 262, 323, 280]

68 144
[235, 237, 355, 302]

69 594
[426, 370, 400, 355]

70 151
[259, 323, 281, 265]

71 436
[358, 348, 353, 340]

72 664
[405, 439, 393, 392]

73 536
[342, 333, 492, 332]

74 559
[371, 411, 378, 328]

75 560
[326, 432, 372, 355]

76 129
[357, 229, 263, 254]

77 309
[326, 331, 276, 349]

78 299
[280, 387, 310, 300]

79 668
[488, 349, 367, 415]

80 716
[358, 371, 491, 454]

81 506
[311, 355, 308, 438]

82 -179
[185, 191, 246, 187]

83 180
[324, 308, 256, 265]

84 93
[236, 254, 343, 242]

85 256
[259, 420, 262, 267]

86 320
[272, 282, 387, 329]

87 377
[357, 339, 331, 298]

88 458
[407, 358, 312, 320]

89 575
[485, 339, 328, 341]

90 328
[398, 296, 285, 299]

91 -132
[251, 192, 233, 178]

92 527
[324, 413, 365, 376]

93 513
[340, 337, 370, 410]

94 3584
[373, 383, 330, 391]

95 -236
[218, 161, 205, 169]

96 -253
[239, 158, 172, 148]

97 200
[332, 308, 257, 274]

98 415
[398, 265, 289, 397]

99 606
[453, 383, 342, 343]

100 3073
[280, 210, 261, 221]

101 527
[441, 339, 362, 321]

102 451
[402, 282, 371, 321]

103 -61
[208, 180, 246, 275]

104 489
[289, 356, 317, 456]

105 767
[471, 456, 376, 371]

106 323
[333, 358, 302, 309]

107 457
[403, 282, 353, 343]

108 358
[345, 352, 311, 317]

109 320
[437, 280, 311, 262]

110 193
[415, 237, 273, 239]

111 3410
[300, 282, 388, 326]

112 28
[206, 191, 344, 274]

113 624
[465, 360, 374, 353]

114 576
[506, 340, 357, 324]

115 166
[335, 245, 226, 315]

116 274
[366, 341, 281, 256]

117 325
[371, 299, 341, 263]

118 -3
[296, 202, 266, 195]

119 286
[414, 274, 303, 270]

120 327
[405, 286, 351, 240]

121 714
[388, 488, 448, 322]

122 529
[345, 325, 328, 493]

123 95
[240, 215, 263, 360]

124 -63
[308, 174, 209, 211]

125 198
[313, 212, 358, 273]

126 426
[316, 276, 481, 322]

127 -26
[217, 239, 256, 246]

128 594
[353, 325, 408, 446]

129 178
[290, 254, 272, 343]

130 546
[355, 301, 297, 512]

131 790
[537, 476, 335, 362]

132 187
[305, 302, 251, 247]

133 -396
[173, 114, 182, 126]

134 193
[256, 253, 423, 242]

135 271
[370, 258, 253, 326]

136 436
[346, 285, 326, 447]

137 721
[356, 352, 387, 535]

138 -45
[259, 206, 236, 236]

139 203
[298, 230, 306, 345]

140 191
[248, 263, 358, 306]

141 428
[406, 291, 386, 310]

142 690
[339, 548, 394, 326]

143 422
[426, 295, 268, 367]

144 -170
[179, 235, 234, 173]

145 185
[340, 226, 205, 394]

146 302
[286, 300, 318, 374]

147 44
[231, 220, 250, 323]

148 476
[394, 288, 394, 365]

149 441
[327, 309, 295, 483]

150 321
[239, 258, 266, 474]

151 -128
[173, 220, 263, 204]

152 -156
[185, 185, 240, 215]

153 323
[259, 275, 269, 486]

154 164
[343, 212, 222, 368]

155 678
[489, 429, 329, 345]

156 13
[187, 351, 212, 228]

157 342
[267, 487, 297, 263]

158 292
[491, 237, 255, 281]

159 65
[234, 239, 223, 352]

160 -125
[178, 186, 175, 326]

161 689
[407, 520, 308, 360]

162 628
[421, 334, 376, 418]

163 259
[343, 264, 376, 254]

164 200
[278, 252, 395, 235]

165 202
[223, 260, 402, 298]

166 572
[581, 301, 288, 297]

167 133
[335, 222, 223, 323]

168 285
[275, 251, 403, 330]

169 5
[195, 322, 203, 267]

170 201
[383, 235, 228, 328]

171 -28
[194, 245, 184, 336]

172 245
[250, 250, 297, 428]

173 406
[428, 278, 336, 292]

174 452
[341, 282, 495, 280]

175 718
[349, 371, 613, 318]

176 544
[401, 327, 345, 407]

177 727
[329, 564, 310, 482]

178 624
[296, 554, 392, 318]

179 356
[255, 279, 511, 287]

180 382
[385, 326, 305, 318]

181 550
[277, 333, 325, 540]

182 673
[318, 383, 495, 409]

183 418
[485, 295, 330, 278]

184 457
[501, 321, 286, 291]

185 215
[329, 362, 274, 227]

186 495
[556, 280, 262, 318]

187 602
[363, 306, 330, 542]

188 611
[322, 614, 273, 338]

189 432
[241, 274, 270, 556]

190 370
[255, 368, 415, 261]

191 879
[597, 366, 471, 381]

192 361
[541, 227, 268, 269]

193 -124
[224, 263, 189, 188]

194 158
[335, 243, 211, 342]

195 302
[270, 331, 237, 437]

196 113
[193, 190, 208, 506]

197 -114
[261, 182, 256, 169]

198 692
[368, 458, 301, 494]

199 624
[439, 378, 279, 482]

200 656
[348, 355, 314, 592]

201 697
[427, 403, 335, 486]

202 169
[232, 302, 300, 294]

203 390
[379, 325, 333, 292]

204 671
[557, 331, 371, 369]

205 663
[658, 303, 347, 283]

206 141
[313, 222, 347, 230]

207 281
[247, 234, 330, 449]

208 36
[326, 211, 214, 267]

209 515
[381, 280, 283, 517]

210 218
[232, 280, 282, 404]

211 407
[336, 262, 479, 258]

212 3989
[716, 439, 385, 320]

213 823
[465, 381, 570, 350]

214 586
[296, 289, 559, 399]

215 797
[521, 486, 348, 350]

216 4004
[620, 499, 388, 349]

217 741
[326, 346, 434, 557]

218 689
[470, 479, 367, 323]

219 823
[662, 340, 359, 394]

220 335
[269, 238, 344, 458]

221 458
[460, 399, 276, 281]

222 318
[414, 227, 254, 374]

223 549
[497, 345, 314, 317]

224 978
[481, 364, 656, 402]

225 470
[298, 304, 501, 337]

226 429
[288, 434, 394, 278]

227 543
[590, 301, 314, 245]

228 635
[467, 505, 333, 288]

229 336
[247, 324, 492, 232]

230 447
[379, 392, 357, 264]

231 337
[290, 524, 243, 254]

232 42
[292, 184, 198, 343]

233 495
[424, 264, 242, 529]

234 334
[329, 228, 229, 480]

235 255
[257, 214, 230, 533]

236 134
[222, 206, 199, 488]

237 3423
[273, 236, 232, 575]

238 534
[695, 244, 231, 300]

239 744
[458, 561, 280, 355]

240 608
[368, 602, 300, 279]

241 503
[311, 268, 393, 489]

242 684
[366, 278, 669, 284]

243 3607
[412, 329, 417, 324]

244 177
[248, 296, 232, 387]

245 492
[488, 254, 260, 452]

246 687
[327, 699, 300, 274]

247 297
[478, 233, 199, 350]

248 -19
[287, 161, 305, 165]

249 616
[466, 311, 464, 281]

250 557
[504, 291, 427, 277]

251 3799
[566, 391, 444, 287]

252 285
[395, 251, 334, 267]

253 655
[319, 313, 262, 670]

254 335
[261, 564, 212, 275]

255 361
[473, 242, 228, 384]

256 -10
[220, 240, 176, 338]

257 414
[216, 352, 240, 567]

258 613
[359, 334, 289, 590]

259 232
[375, 380, 222, 224]

260 380
[270, 324, 266, 473]

261 454
[255, 274, 371, 506]

262 704
[303, 510, 390, 425]

263 778
[497, 340, 572, 312]

264 635
[296, 289, 483, 524]

265 407
[369, 512, 269, 229]

266 390
[268, 224, 279, 574]

267 678
[363, 586, 381, 297]

268 303
[254, 379, 307, 332]

269 524
[280, 465, 362, 360]

270 335
[239, 225, 262, 562]

271 415
[222, 206, 232, 673]

272 3478
[439, 285, 398, 256]

273 532
[410, 253, 515, 292]

274 553
[291, 429, 412, 384]

275 715
[745, 307, 314, 282]

276 403
[279, 592, 285, 213]

277 503
[271, 265, 684, 258]

278 -150
[151, 244, 140, 300]

279 441
[248, 255, 683, 229]

280 864
[601, 457, 370, 324]

281 1152
[341, 484, 520, 698]

282 431
[489, 358, 269, 217]

283 212
[201, 209, 473, 312]

284 482
[258, 492, 373, 292]

285 335
[409, 223, 311, 340]

286 67
[450, 185, 192, 215]

287 421
[373, 253, 420, 350]

288 712
[353, 634, 319, 364]

289 467
[276, 331, 519, 314]

290 4
[167, 166, 162, 498]

291 520
[598, 294, 285, 291]

292 327
[225, 220, 192, 667]

293 553
[358, 257, 571, 297]

294 3484
[366, 424, 331, 260]

295 689
[256, 733, 296, 333]

296 287
[218, 400, 248, 396]

297 527
[241, 566, 350, 316]

298 650
[378, 689, 253, 296]

299 208
[200, 194, 530, 247]

300 3909
[312, 303, 291, 867]

301 663
[473, 274, 482, 393]

302 445
[251, 648, 231, 243]

303 778
[691, 321, 360, 331]

304 331
[551, 210, 282, 257]

305 511
[274, 474, 264, 464]

306 23
[204, 175, 222, 405]

307 702
[219, 761, 291, 347]

308 262
[221, 462, 225, 317]

309 815
[321, 411, 366, 676]

310 742
[425, 602, 353, 279]

311 734
[384, 396, 407, 483]

312 569
[228, 555, 337, 421]

313 448
[305, 256, 449, 411]

314 532
[381, 425, 405, 287]

315 600
[319, 277, 666, 284]

316 3555
[549, 255, 194, 440]

317 543
[325, 542, 243, 395]

318 385
[385, 511, 212, 251]

319 680
[305, 297, 407, 606]

320 442
[247, 328, 215, 590]

321 -399
[113, 111, 94, 277]

322 371
[424, 434, 208, 269]

323 700
[271, 428, 252, 669]

324 437
[296, 562, 313, 232]

325 702
[557, 294, 476, 296]

326 610
[286, 307, 225, 757]

327 3492
[614, 259, 220, 278]

328 585
[232, 447, 622, 250]

329 801
[314, 382, 755, 278]

330 828
[322, 862, 267, 295]

331 363
[357, 552, 207, 212]

332 580
[274, 276, 249, 728]

333 500
[227, 328, 226, 677]

334 990
[564, 610, 354, 362]

335 336
[587, 243, 218, 233]

336 650
[285, 383, 275, 647]

337 3762
[551, 563, 251, 276]

338 -155
[405, 126, 148, 150]

339 501
[252, 293, 242, 678]

340 3850
[357, 422, 651, 288]

341 187
[197, 244, 406, 324]

342 -116
[180, 202, 272, 215]

343 771
[352, 335, 237, 810]

344 581
[489, 350, 230, 426]

345 869
[371, 355, 293, 763]

346 549
[752, 298, 205, 232]

347 614
[482, 362, 459, 237]

348 3606
[582, 456, 232, 229]

349 665
[298, 373, 237, 694]

350 791
[312, 840, 265, 277]

351 892
[350, 758, 280, 387]

352 489
[269, 320, 457, 406]

353 898
[323, 405, 776, 289]

354 430
[266, 266, 585, 278]

355 821
[387, 821, 265, 296]

356 570
[283, 447, 226, 562]

357 763
[451, 643, 333, 253]

358 92
[337, 240, 331, 162]

359 3658
[405, 521, 387, 251]

360 645
[759, 283, 253, 251]

361 709
[528, 450, 411, 227]

362 831
[553, 391, 509, 288]

363 992
[405, 606, 586, 296]

364 773
[248, 332, 274, 815]

365 508
[297, 359, 579, 232]

366 61
[294, 153, 450, 144]

367 673
[294, 307, 393, 622]

368 835
[315, 296, 397, 733]

369 590
[466, 258, 560, 217]

370 -91
[152, 123, 262, 359]

371 311
[517, 307, 239, 199]

372 659
[689, 341, 322, 238]

373 704
[276, 277, 310, 774]

374 398
[442, 329, 375, 220]

375 3243
[185, 312, 174, 470]

376 478
[239, 333, 660, 224]

377 601
[333, 658, 350, 231]

378 210
[192, 241, 447, 310]

379 607
[277, 318, 208, 755]

380 514
[272, 346, 333, 494]

381 -213
[190, 156, 316, 113]

382 333
[196, 247, 257, 614]

383 3679
[195, 235, 329, 800]

384 545
[220, 702, 294, 262]

385 627
[271, 284, 740, 270]

386 991
[259, 328, 1011, 322]

387 497
[364, 276, 587, 237]

388 788
[400, 458, 559, 285]

389 993
[348, 337, 520, 688]

390 486
[213, 236, 805, 209]

391 647
[246, 238, 875, 217]

392 661
[238, 269, 897, 217]

393 566
[320, 359, 290, 540]

394 837
[326, 258, 936, 249]

395 577
[244, 437, 633, 215]

396 114
[297, 423, 208, 158]

397 326
[183, 179, 287, 643]

398 819
[527, 491, 520, 234]

399 343
[418, 394, 286, 213]

400 68
[370, 356, 163, 157]

401 -76
[200, 361, 172, 179]

402 320
[340, 408, 333, 205]

403 247
[223, 314, 204, 486]

404 508
[278, 208, 552, 404]

405 3783
[335, 272, 670, 397]

406 293
[368, 158, 447, 293]

407 76
[568, 150, 154, 162]

408 106
[204, 263, 466, 155]

409 87
[240, 261, 386, 184]

410 560
[424, 575, 241, 285]

411 236
[208, 557, 250, 170]

412 562
[340, 391, 570, 222]

413 331
[216, 203, 605, 279]

414 890
[564, 298, 707, 268]

415 1118
[350, 361, 480, 836]

416 440
[327, 244, 286, 549]

417 4292
[400, 434, 1005, 288]

418 429
[482, 450, 217, 250]

419 763
[299, 548, 291, 568]

420 129
[633, 146, 165, 142]

421 658
[792, 268, 277, 240]

422 437
[369, 436, 232, 365]

423 435
[624, 261, 233, 254]

424 470
[184, 225, 242, 791]

425 51
[151, 260, 273, 350]

426 172
[225, 139, 554, 235]

427 116
[152, 419, 189, 338]

428 183
[271, 168, 364, 362]

429 591
[208, 711, 247, 389]

430 825
[758, 382, 232, 355]

431 1005
[359, 413, 743, 425]

432 614
[202, 274, 287, 819]

433 388
[351, 227, 535, 232]

434 125
[255, 373, 243, 216]

435 432
[710, 205, 188, 291]

436 591
[252, 257, 604, 446]

437 748
[224, 709, 252, 528]

438 -59
[150, 150, 375, 254]

439 3851
[459, 487, 460, 314]

440 721
[243, 250, 207, 965]

441 743
[196, 244, 352, 853]

442 3592
[535, 208, 414, 306]

443 623
[224, 223, 493, 643]

444 454
[420, 486, 181, 294]

445 -57
[248, 341, 149, 186]

446 239
[154, 638, 215, 217]

447 353
[476, 185, 368, 290]

448 766
[802, 272, 227, 364]

449 440
[218, 410, 460, 279]

450 309
[170, 210, 693, 216]

451 3677
[679, 214, 399, 268]

452 815
[376, 602, 278, 506]

453 1059
[230, 866, 290, 554]

454 3719
[208, 582, 476, 360]

455 621
[201, 485, 335, 544]

456 543
[211, 228, 795, 256]

457 692
[326, 278, 320, 724]

458 718
[604, 529, 219, 256]

459 807
[343, 828, 225, 343]

460 734
[233, 245, 352, 821]

461 309
[486, 176, 429, 179]

462 914
[416, 874, 241, 276]

463 534
[522, 489, 218, 225]

464 792
[487, 426, 515, 269]

465 874
[366, 304, 891, 238]

466 761
[442, 426, 303, 518]

467 750
[262, 256, 427, 739]

468 1130
[313, 403, 1005, 314]

469 762
[380, 316, 707, 238]

470 128
[146, 167, 157, 641]

471 452
[755, 190, 229, 216]

472 985
[369, 292, 459, 750]

473 605
[274, 495, 196, 605]

474 475
[352, 229, 212, 654]

475 492
[422, 227, 561, 229]

476 720
[239, 318, 277, 848]

477 241
[387, 461, 174, 185]

478 649
[203, 402, 362, 647]

479 527
[305, 208, 258, 716]

480 1057
[253, 614, 765, 304]

481 554
[214, 824, 237, 224]

482 954
[316, 410, 888, 280]

483 824
[360, 833, 304, 240]

484 155
[259, 343, 339, 190]

485 866
[363, 385, 469, 554]

486 446
[428, 339, 439, 181]

487 689
[496, 657, 268, 214]

488 466
[185, 490, 280, 471]

489 3683
[236, 406, 745, 194]

490 786
[250, 356, 534, 567]

491 846
[293, 264, 498, 720]

492 3342
[279, 445, 364, 141]

493 170
[148, 655, 239, 114]

494 888
[256, 924, 375, 244]

495 378
[163, 662, 343, 171]

496 499
[172, 830, 313, 157]

497 305
[316, 516, 297, 152]

498 157
[235, 131, 646, 131]

499 295
[140, 308, 301, 522]

500 454
[186, 739, 343, 163]

501 310
[444, 157, 185, 430]

502 286
[137, 551, 342, 246]

503 554
[223, 720, 395, 171]

504 283
[299, 527, 270, 168]

505 656
[248, 574, 324, 443]

506 169
[304, 508, 213, 123]

507 595
[218, 342, 738, 262]

508 484
[344, 634, 222, 237]

509 629
[260, 373, 712, 233]

510 6
[565, 162, 131, 121]

511 438
[216, 187, 729, 278]

512 261
[179, 159, 365, 540]

513 700
[431, 378, 322, 515]

514 435
[228, 155, 201, 788]

515 466
[203, 174, 228, 840]

516 113
[442, 326, 155, 127]

517 75
[167, 127, 638, 130]

518 438
[379, 655, 218, 163]

519 155
[202, 399, 154, 365]

520 116
[193, 252, 296, 357]

521 605
[277, 222, 260, 796]

522 452
[225, 567, 465, 161]

523 367
[619, 314, 214, 165]

524 784
[302, 254, 415, 709]

525 703
[274, 226, 397, 722]

526 100
[259, 510, 173, 143]

527 400
[341, 223, 662, 153]

528 424
[326, 236, 237, 597]

529 316
[199, 214, 226, 660]

530 3872
[413, 293, 555, 484]

531 -30
[334, 108, 187, 319]

532 325
[217, 577, 214, 272]

533 235
[182, 157, 660, 223]

534 526
[306, 551, 223, 373]

535 204
[556, 244, 201, 155]

536 272
[665, 194, 216, 163]

537 537
[288, 263, 751, 196]

538 519
[368, 241, 233, 649]

539 448
[888, 188, 163, 163]

540 570
[424, 273, 582, 217]

541 470
[421, 193, 185, 638]

542 198
[188, 331, 507, 155]

543 496
[211, 828, 228, 185]

544 443
[202, 243, 346, 628]

545 558
[219, 208, 397, 684]

546 501
[258, 189, 424, 599]

547 192
[552, 265, 190, 155]

548 262
[425, 153, 170, 468]

549 322
[255, 154, 292, 582]

550 228
[207, 701, 152, 144]

551 3781
[970, 243, 232, 204]

552 816
[247, 746, 512, 252]

553 629
[457, 247, 236, 575]

554 460
[148, 182, 728, 383]

555 44
[295, 126, 118, 460]

556 335
[177, 201, 658, 272]

557 157
[122, 178, 160, 680]

558 3689
[171, 332, 325, 771]

559 2694
[333, 110, 55, 106]

560 315
[150, 264, 617, 262]

561 706
[472, 438, 415, 330]

562 709
[217, 363, 181, 912]

563 670
[484, 326, 496, 272]

564 4206
[350, 863, 500, 351]

565 3722
[175, 311, 356, 788]

566 676
[707, 432, 171, 312]

567 822
[202, 416, 628, 502]

568 3782
[308, 902, 182, 263]

569 627
[175, 795, 274, 324]

570 855
[215, 1003, 219, 338]

571 44
[107, 543, 248, 111]

572 939
[198, 1060, 307, 315]

573 1062
[224, 837, 702, 202]

574 1101
[230, 766, 795, 220]

575 443
[278, 321, 598, 173]

576 3756
[363, 463, 619, 182]

577 781
[183, 695, 364, 489]

578 940
[332, 337, 869, 338]

579 760
[298, 451, 288, 642]

580 678
[255, 884, 205, 285]

581 858
[197, 1070, 263, 247]

582 1091
[211, 1091, 403, 267]

583 680
[201, 307, 889, 243]

584 666
[184, 355, 710, 377]

585 3880
[401, 779, 371, 210]

586 534
[415, 639, 237, 174]

587 1119
[254, 495, 1044, 239]

588 1003
[195, 455, 339, 918]

589 789
[199, 933, 369, 219]

590 774
[557, 628, 257, 227]

591 1260
[262, 1368, 239, 255]

592 854
[184, 1181, 206, 183]

593 771
[290, 498, 209, 722]

594 651
[246, 979, 185, 207]

595 574
[275, 811, 210, 230]

596 632
[263, 220, 796, 280]

597 797
[435, 305, 186, 781]

598 3365
[168, 166, 785, 146]

599 3749
[410, 232, 570, 436]

600 834
[321, 426, 768, 250]

601 3981
[314, 454, 805, 281]

602 -160
[126, 312, 241, 152]

603 3810
[271, 371, 228, 814]

604 -18
[592, 132, 112, 123]

605 3944
[1082, 209, 248, 261]

606 263
[689, 199, 132, 189]

607 3699
[319, 890, 235, 158]

608 191
[191, 125, 718, 117]

609 669
[297, 884, 292, 148]

610 48
[201, 105, 283, 421]

611 744
[279, 740, 338, 337]

612 392
[195, 676, 239, 260]

613 812
[264, 837, 313, 332]

614 575
[813, 229, 293, 165]

615 -42
[558, 112, 131, 118]

616 499
[764, 264, 217, 192]

617 485
[173, 365, 738, 179]

618 409
[414, 574, 197, 187]

619 4150
[605, 781, 313, 294]

620 973
[270, 484, 296, 855]

621 521
[196, 314, 734, 256]

622 1083
[497, 352, 885, 248]

623 3737
[571, 254, 279, 521]

624 719
[400, 511, 261, 498]

625 980
[232, 293, 1210, 184]

626 527
[660, 202, 200, 378]

627 951
[340, 1020, 341, 166]

628 528
[506, 174, 242, 540]

629 522
[202, 323, 289, 680]

630 636
[288, 435, 540, 330]

631 496
[265, 310, 405, 467]

632 555
[588, 555, 226, 133]

633 744
[191, 339, 288, 864]

634 948
[228, 706, 267, 662]

635 489
[484, 582, 203, 170]

636 678
[296, 396, 252, 697]

637 508
[244, 453, 215, 566]

638 4132
[353, 467, 322, 836]

639 1111
[590, 633, 344, 409]

640 599
[305, 399, 309, 549]

641 1011
[696, 365, 602, 212]

642 4017
[1108, 291, 258, 190]

643 1174
[282, 567, 491, 751]

644 539
[196, 341, 221, 734]

645 3778
[200, 533, 494, 447]

646 3746
[620, 648, 170, 139]

647 885
[647, 425, 179, 544]

648 3625
[603, 576, 156, 149]

649 1088
[656, 529, 189, 595]

650 3821
[655, 309, 163, 549]

651 990
[190, 428, 208, 1057]

652 1034
[389, 442, 190, 922]

653 679
[975, 239, 247, 160]

654 -23
[594, 160, 105, 97]

655 823
[286, 241, 250, 956]

656 327
[802, 221, 115, 153]

657 534
[894, 201, 185, 165]

658 96
[238, 126, 271, 443]

659 3804
[361, 217, 887, 218]

660 196
[338, 178, 157, 499]

661 493
[264, 209, 190, 810]

662 -162
[557, 91, 63, 110]

663 3432
[668, 358, 141, 153]

664 85
[641, 124, 113, 163]

665 200
[670, 118, 153, 217]

666 312
[317, 112, 667, 182]

667 340
[783, 133, 172, 200]

668 398
[484, 125, 189, 520]

669 77
[362, 113, 133, 421]

670 630
[607, 136, 224, 587]

671 261
[413, 133, 163, 518]

672 485
[833, 152, 215, 194]

673 332
[281, 440, 280, 312]

674 633
[276, 226, 288, 790]

675 285
[219, 193, 475, 355]

676 632
[146, 344, 249, 865]

677 741
[330, 795, 355, 189]

678 302
[123, 162, 305, 699]

679 809
[149, 297, 310, 985]

680 253
[406, 245, 417, 156]

681 548
[323, 736, 305, 152]

682 574
[159, 449, 630, 288]

683 816
[184, 557, 673, 320]

684 531
[136, 378, 290, 706]

685 605
[162, 260, 875, 257]

686 157
[424, 103, 112, 466]

687 671
[205, 327, 742, 335]

688 725
[167, 454, 412, 653]

689 44
[126, 261, 532, 118]

690 918
[265, 316, 290, 985]

691 330
[350, 218, 319, 372]

692 90
[224, 316, 291, 203]

693 611
[304, 444, 221, 613]

694 643
[521, 251, 624, 171]

695 681
[397, 257, 288, 655]

696 768
[307, 374, 422, 611]

697 549
[526, 196, 508, 236]

698 279
[323, 306, 171, 449]

699 809
[426, 437, 540, 308]

700 792
[210, 487, 359, 635]

701 4056
[1143, 372, 195, 190]

702 732
[408, 406, 642, 169]

703 630
[133, 538, 607, 283]

704 779
[163, 489, 307, 718]

705 1172
[194, 697, 1010, 182]

706 -310
[70, 84, 475, 53]

707 609
[196, 278, 437, 640]

708 527
[118, 870, 318, 170]

709 662
[366, 738, 365, 130]

710 754
[148, 639, 354, 568]

711 737
[529, 241, 707, 153]

712 4037
[338, 558, 257, 739]

713 297
[397, 483, 229, 128]

714 131
[122, 340, 214, 420]

715 -81
[205, 471, 122, 87]

716 284
[110, 362, 149, 611]

717 430
[899, 137, 187, 129]

718 365
[814, 126, 201, 170]

719 444
[110, 187, 428, 700]

720 453
[120, 124, 939, 249]

721 528
[377, 506, 284, 281]

722 844
[313, 184, 897, 370]

723 574
[142, 168, 551, 665]

724 127
[239, 108, 200, 569]

725 756
[390, 165, 294, 831]

726 11
[294, 83, 388, 238]

727 3864
[386, 174, 868, 331]

728 685
[175, 169, 1023, 288]

729 279
[148, 115, 612, 385]

730 625
[325, 221, 895, 134]

731 204
[93, 262, 184, 653]

732 310
[347, 503, 221, 194]

733 711
[697, 177, 520, 229]

734 480
[123, 123, 322, 832]

735 -158
[77, 308, 138, 313]

736 484
[126, 259, 367, 715]

737 241
[128, 106, 830, 163]

738 455
[324, 269, 367, 472]

739 467
[487, 372, 281, 284]

740 568
[130, 463, 618, 288]

741 527
[285, 326, 263, 618]

742 882
[142, 285, 1233, 149]

743 1103
[283, 646, 890, 180]

744 817
[164, 375, 474, 764]

745 862
[491, 444, 267, 536]

746 751
[970, 247, 262, 183]

747 552
[128, 325, 530, 520]

748 964
[383, 728, 311, 492]

749 675
[255, 208, 347, 800]

750 915
[156, 339, 1107, 261]

751 694
[907, 282, 255, 193]

752 456
[327, 219, 211, 646]

753 1084
[258, 330, 406, 1013]

754 763
[1013, 279, 229, 148]

755 3799
[1046, 225, 221, 151]

756 751
[296, 1040, 200, 171]

757 1044
[284, 714, 315, 628]

758 3725
[651, 224, 197, 506]

759 864
[1063, 337, 206, 177]

760 3942
[1048, 317, 207, 218]

761 874
[797, 541, 211, 216]

762 1231
[637, 360, 297, 795]

763 773
[831, 506, 193, 145]

764 926
[157, 483, 1005, 180]

765 439
[135, 328, 130, 813]

766 944
[806, 399, 189, 455]

767 4236
[1024, 697, 164, 156]

768 943
[152, 1434, 134, 148]

769 3814
[234, 438, 286, 749]

770 300
[273, 187, 670, 117]

771 131
[224, 571, 234, 85]

772 388
[256, 258, 381, 442]

773 -251
[216, 53, 116, 350]

774 -121
[506, 164, 121, 72]

775 438
[254, 369, 568, 217]

776 432
[699, 299, 281, 111]

777 3949
[521, 542, 588, 129]

778 472
[214, 183, 841, 204]

779 989
[145, 419, 1052, 266]

780 738
[145, 264, 1056, 230]

781 1101
[151, 826, 267, 747]

782 1179
[531, 363, 968, 179]

783 1027
[489, 364, 510, 549]

784 659
[124, 187, 1008, 292]

785 488
[286, 565, 172, 392]

786 731
[130, 180, 1142, 208]

787 3413
[729, 219, 192, 151]

788 3650
[707, 310, 355, 170]

789 213
[706, 191, 161, 122]

790 852
[567, 609, 264, 298]

791 3262
[110, 863, 101, 94]

792 762
[547, 251, 219, 675]

793 -56
[66, 118, 400, 328]

794 877
[1073, 187, 281, 225]

795 863
[1029, 235, 301, 199]

796 343
[479, 124, 189, 496]

797 562
[444, 213, 228, 564]

798 503
[451, 197, 188, 613]

799 3615
[874, 238, 195, 175]

800 4060
[176, 250, 556, 948]

801 3706
[120, 136, 1214, 154]

802 479
[122, 121, 1079, 138]

803 422
[90, 153, 1023, 115]

804 541
[940, 163, 200, 162]

805 866
[975, 212, 442, 162]

806 807
[120, 201, 1203, 254]

807 599
[1043, 159, 139, 201]

808 671
[235, 175, 958, 247]

809 372
[248, 138, 488, 445]

810 1146
[680, 268, 497, 575]

811 3556
[783, 136, 131, 400]

812 663
[599, 138, 136, 688]

813 545
[409, 143, 376, 554]

814 -352
[161, 53, 59, 367]

815 891
[405, 275, 502, 642]

816 896
[184, 241, 432, 949]

817 753
[486, 169, 410, 634]

818 509
[463, 144, 203, 621]

819 4039
[476, 219, 344, 851]

820 924
[732, 203, 373, 491]

821 926
[159, 403, 390, 916]

822 1033
[187, 182, 451, 1125]

823 787
[154, 195, 216, 1152]

824 626
[161, 978, 348, 109]

825 309
[834, 108, 210, 123]

826 3919
[832, 587, 170, 178]

827 324
[457, 550, 120, 154]

828 3916
[538, 200, 825, 216]

829 585
[403, 434, 506, 131]

830 370
[202, 282, 111, 727]

831 702
[255, 177, 1045, 185]

832 1018
[374, 236, 1136, 145]

833 3794
[1137, 189, 143, 183]

834 925
[783, 655, 148, 184]

835 487
[237, 169, 945, 97]

836 1003
[400, 233, 1092, 154]

837 622
[567, 641, 224, 110]

838 3940
[316, 222, 1060, 213]

839 623
[534, 138, 162, 669]

840 597
[324, 156, 142, 918]

841 3942
[609, 262, 832, 141]

842 3720
[547, 227, 708, 107]

843 757
[1076, 237, 204, 125]

844 808
[1011, 263, 267, 170]

845 76
[60, 81, 132, 793]

846 736
[554, 292, 319, 475]

847 3546
[469, 140, 157, 648]

848 396
[980, 118, 124, 91]

849 471
[545, 148, 169, 559]

850 809
[559, 147, 832, 159]

851 5
[112, 69, 744, 74]

852 63
[311, 83, 528, 83]

853 405
[191, 103, 273, 802]

854 189
[774, 91, 174, 104]

855 2863
[244, 365, 94, 65]

856 62
[458, 74, 442, 65]

857 3237
[526, 85, 148, 368]

858 9
[671, 63, 157, 75]

859 343
[156, 823, 229, 97]

860 189
[137, 760, 199, 81]

861 242
[120, 804, 184, 95]

862 543
[141, 998, 222, 157]

863 292
[111, 880, 182, 103]

864 289
[151, 720, 212, 188]

865 570
[175, 115, 1094, 160]

866 3340
[398, 516, 145, 166]

867 601
[499, 595, 213, 216]

868 439
[487, 563, 154, 180]

869 -107
[238, 453, 73, 111]

870 627
[578, 592, 131, 244]

871 623
[163, 187, 212, 1021]

872 447
[116, 203, 154, 932]

873 921
[139, 558, 241, 902]

874 4183
[406, 1104, 204, 288]

875 3674
[441, 787, 132, 167]

876 1153
[154, 913, 159, 783]

877 156
[413, 476, 84, 136]

878 -140
[231, 496, 69, 46]

879 -182
[603, 56, 84, 58]

880 67
[380, 476, 117, 71]

881 3605
[213, 134, 109, 1056]

882 3747
[331, 1003, 144, 145]

883 394
[197, 926, 121, 101]

884 116
[157, 743, 123, 78]

885 73
[133, 179, 653, 72]

886 561
[535, 133, 266, 562]

887 915
[156, 322, 1169, 201]

888 1022
[488, 703, 430, 266]

889 837
[173, 844, 291, 480]

890 620
[165, 448, 214, 743]

891 3897
[134, 803, 432, 422]

892 3586
[256, 974, 171, 93]

893 962
[232, 1246, 239, 137]

894 792
[592, 716, 281, 136]

895 742
[98, 761, 720, 122]

896 464
[127, 521, 684, 95]

897 1082
[277, 708, 863, 142]

898 1214
[141, 579, 410, 977]

899 3997
[160, 741, 840, 149]

900 1203
[290, 910, 332, 583]

901 4081
[241, 643, 912, 162]

902 3964
[424, 702, 569, 143]

903 490
[98, 881, 334, 131]

904 495
[363, 410, 556, 107]

905 4057
[151, 316, 1318, 148]

906 899
[123, 299, 1184, 226]

907 1094
[284, 746, 323, 645]

908 3911
[304, 824, 539, 103]

909 309
[320, 162, 620, 121]

910 854
[173, 281, 1055, 261]

911 1118
[184, 700, 514, 626]

912 585
[212, 190, 989, 116]

913 4168
[191, 1092, 423, 327]

914 968
[206, 363, 1203, 132]

915 996
[136, 555, 566, 629]

916 983
[303, 605, 631, 357]

917 3965
[228, 263, 1224, 143]

918 947
[242, 623, 436, 534]

919 432
[950, 96, 207, 114]

920 3665
[1058, 140, 203, 147]

921 635
[1080, 171, 195, 122]

922 -152
[242, 76, 448, 67]

923 761
[1123, 229, 177, 120]

924 712
[595, 199, 677, 132]

925 818
[163, 186, 1218, 191]

926 723
[1039, 158, 281, 131]

927 658
[562, 230, 287, 502]

928 4037
[109, 1157, 320, 328]

929 4196
[382, 966, 519, 200]

930 334
[123, 308, 650, 238]

931 4277
[712, 293, 356, 721]

932 3675
[558, 316, 232, 433]

933 592
[152, 265, 211, 903]

934 495
[108, 127, 254, 992]

935 239
[76, 849, 168, 135]

936 484
[110, 91, 189, 1037]

937 606
[97, 220, 1086, 162]

938 3098
[300, 498, 139, 54]

939 937
[916, 370, 350, 167]

940 983
[698, 717, 317, 124]

941 3729
[1013, 181, 274, 112]

942 151
[342, 503, 177, 81]

943 639
[247, 168, 227, 914]

944 538
[161, 274, 186, 869]

945 923
[1174, 158, 293, 175]

946 3756
[525, 122, 346, 635]

947 714
[161, 329, 1027, 160]

948 3754
[515, 676, 300, 134]

949 641
[477, 718, 222, 143]

950 3745
[600, 607, 264, 128]

951 727
[321, 908, 312, 119]

952 327
[196, 830, 155, 103]

953 739
[251, 675, 299, 430]

954 708
[171, 330, 1017, 132]

955 3680
[178, 750, 284, 375]

956 467
[140, 619, 277, 368]

957 302
[105, 90, 231, 819]

958 71
[58, 72, 173, 764]

959 639
[111, 190, 599, 715]

960 796
[105, 174, 628, 842]

961 737
[680, 538, 328, 112]

962 -47
[587, 115, 104, 129]

963 584
[885, 276, 164, 181]

964 515
[228, 898, 179, 167]

965 529
[411, 570, 210, 301]

966 157
[302, 572, 111, 124]

967 439
[219, 539, 254, 399]

968 638
[269, 921, 179, 220]

969 471
[213, 438, 219, 576]

970 124
[103, 222, 147, 617]

971 762
[455, 542, 495, 179]

972 570
[125, 288, 851, 281]

973 483
[115, 487, 662, 186]

974 205
[76, 310, 612, 176]

975 225
[129, 502, 303, 284]

976 -336
[134, 401, 50, 68]

977 -199
[184, 405, 105, 97]

978 1323
[582, 1091, 301, 211]

979 1037
[110, 952, 769, 124]

980 1085
[251, 594, 677, 451]

981 549
[297, 288, 662, 268]

982 469
[351, 302, 281, 501]

983 762
[1143, 157, 239, 128]

984 751
[124, 266, 1059, 261]

985 3945
[359, 301, 738, 429]

986 872
[166, 450, 983, 216]

987 634
[269, 387, 850, 88]

988 1143
[122, 367, 1392, 111]

989 3811
[527, 888, 160, 93]

990 3848
[1159, 258, 171, 117]

991 3336
[888, 146, 105, 76]

992 264
[770, 214, 119, 87]

993 931
[507, 312, 861, 177]

994 1055
[110, 799, 642, 390]

995 1084
[112, 1001, 300, 586]

996 795
[92, 834, 369, 456]

997 4053
[183, 336, 1308, 105]

998 1146
[122, 404, 1381, 119]

999 3783
[111, 184, 1094, 270]

