0 892
[428, 449, 470, 450]

1 413
[362, 333, 316, 344]

2 708
[398, 446, 418, 403]

3 835
[452, 428, 434, 454]

4 506
[365, 358, 393, 352]

5 566
[375, 405, 363, 379]

6 529
[378, 370, 344, 367]

7 3
[247, 241, 248, 231]

8 594
[359, 367, 408, 400]

9 810
[464, 445, 407, 432]

10 792
[431, 413, 413, 407]

11 287
[348, 291, 319, 304]

12 355
[328, 327, 323, 328]

13 771
[424, 466, 405, 408]

14 576
[355, 427, 383, 372]

15 554
[357, 365, 383, 378]

16 -170
[195, 188, 223, 214]

17 518
[365, 397, 362, 353]

18 603
[401, 416, 368, 355]

19 223
[316, 295, 292, 303]

20 872
[479, 426, 451, 422]

21 3692
[411, 366, 385, 406]

22 604
[391, 354, 410, 412]

23 403
[322, 314, 352, 368]

24 447
[358, 335, 347, 351]

25 654
[437, 348, 399, 401]

26 286
[308, 302, 331, 318]

27 316
[301, 317, 321, 312]

28 404
[336, 328, 372, 312]

29 371
[340, 310, 337, 357]

30 606
[356, 384, 370, 431]

31 489
[410, 329, 356, 323]

32 -115
[199, 197, 242, 231]

33 385
[337, 335, 350, 331]

34 606
[382, 362, 384, 383]

35 256
[303, 282, 327, 321]

36 3820
[482, 408, 435, 382]

37 486
[337, 343, 399, 349]

38 453
[397, 351, 353, 315]

39 3557
[354, 372, 344, 396]

40 -304
[150, 159, 197, 179]

41 560
[383, 373, 421, 347]

42 219
[284, 289, 341, 281]

43 681
[404, 453, 377, 401]

44 637
[408, 364, 424, 358]

45 2825
[182, 206, 189, 175]

46 702
[414, 387, 447, 399]

47 -203
[187, 184, 213, 198]

48 686
[377, 421, 477, 368]

49 531
[381, 363, 375, 338]

50 520
[315, 376, 404, 364]

51 421
[306, 363, 367, 357]

52 -53
[222, 230, 247, 233]

53 408
[360, 299, 346, 369]

54 463
[355, 333, 332, 389]

55 636
[397, 385, 434, 379]

56 713
[380, 413, 415, 396]

57 3645
[395, 419, 377, 355]

58 67
[259, 241, 317, 231]

59 564
[354, 406, 377, 368]

60 708
[392, 396, 436, 416]

61 614
[367, 386, 377, 383]

62 539
[370, 327, 444, 339]

63 458
[315, 323, 357, 373]

64 -23
[287, 195, 236, 220]

65 528
[409, 362, 362, 330]

66 543
[376, 367, 418, 340]

67 728
[411, 367, 428, 419]

68 522
[340, 346, 430, 366]

69 122
[248, 275, 297, 285]

70 592
[371, 417, 363, 363]

71 444
[332, 431, 311, 323]

72 774
[438, 425, 430, 391]

73 616
[403, 347, 381, 410]

74 338
[321, 345, 348, 299]

75 556
[366, 377, 449, 324]

76 406
[309, 297, 423, 348]

77 496
[387, 358, 417, 302]

78 513
[334, 411, 390, 345]

79 524
[354, 361, 382, 390]

80 362
[346, 290, 366, 307]

81 603
[361, 369, 436, 393]

82 748
[396, 398, 402, 458]

83 3782
[465, 381, 497, 328]

84 567
[414, 386, 327, 358]

85 646
[382, 421, 417, 380]

86 3530
[335, 398, 369, 332]

87 350
[337, 333, 316, 335]

88 768
[522, 395, 388, 376]

89 667
[347, 384, 403, 467]

90 3737
[481, 398, 364, 381]

91 90
[238, 258, 261, 310]

92 652
[381, 516, 368, 321]

93 498
[465, 309, 333, 344]

94 448
[331, 375, 359, 327]

95 257
[330, 313, 284, 272]

96 437
[386, 380, 320, 302]

97 689
[403, 481, 354, 373]

98 339
[387, 315, 312, 290]

99 514
[390, 411, 337, 310]

100 376
[385, 319, 354, 272]

101 688
[441, 423, 444, 328]

102 562
[392, 395, 386, 328]

103 436
[375, 363, 354, 317]

104 789
[549, 370, 387, 369]

105 665
[407, 481, 350, 341]

106 540
[455, 330, 375, 305]

107 261
[272, 293, 331, 317]

108 575
[332, 425, 397, 383]

109 322
[283, 333, 300, 374]

110 865
[423, 495, 426, 442]

111 842
[390, 481, 422, 496]

112 651
[347, 350, 398, 494]

113 681
[365, 357, 433, 477]

114 632
[371, 422, 439, 356]

115 603
[325, 506, 354, 329]

116 667
[361, 414, 410, 415]

117 555
[336, 405, 456, 318]

118 402
[278, 340, 318, 419]

119 1018
[425, 706, 426, 400]

120 231
[324, 277, 360, 246]

121 697
[364, 357, 437, 471]

122 498
[299, 470, 372, 311]

123 388
[310, 287, 333, 426]

124 582
[349, 397, 364, 439]

125 401
[377, 342, 290, 364]

126 671
[334, 382, 474, 430]

127 638
[364, 358, 462, 405]

128 602
[429, 353, 456, 297]

129 488
[301, 296, 326, 472]

130 417
[488, 295, 303, 289]

131 741
[512, 397, 389, 373]

132 625
[458, 372, 354, 370]

133 521
[434, 311, 429, 293]

134 567
[337, 471, 348, 331]

135 438
[407, 313, 399, 286]

136 115
[229, 216, 381, 248]

137 547
[304, 302, 399, 513]

138 570
[285, 298, 394, 518]

139 540
[311, 360, 550, 282]

140 531
[494, 343, 313, 335]

141 641
[396, 432, 453, 328]

142 421
[308, 335, 269, 459]

143 609
[364, 410, 455, 315]

144 82
[261, 229, 358, 218]

145 647
[361, 476, 386, 345]

146 885
[393, 606, 414, 404]

147 53
[230, 273, 235, 294]

148 453
[332, 426, 283, 362]

149 623
[403, 461, 335, 383]

150 -59
[220, 195, 263, 247]

151 576
[324, 443, 377, 359]

152 558
[314, 327, 316, 541]

153 770
[397, 353, 574, 360]

154 3800
[410, 417, 513, 355]

155 750
[350, 461, 453, 404]

156 481
[374, 322, 376, 374]

157 592
[378, 322, 317, 499]

158 360
[268, 249, 515, 261]

159 359
[354, 333, 270, 364]

160 220
[247, 459, 245, 230]

161 603
[344, 384, 433, 394]

162 599
[462, 384, 344, 320]

163 491
[339, 313, 368, 442]

164 680
[353, 456, 413, 376]

165 150
[293, 206, 343, 249]

166 115
[245, 226, 418, 210]

167 249
[245, 244, 308, 407]

168 376
[325, 255, 496, 269]

169 626
[331, 540, 353, 361]

170 588
[363, 398, 397, 391]

171 311
[479, 253, 266, 261]

172 238
[291, 317, 234, 347]

173 591
[300, 354, 440, 421]

174 320
[403, 273, 321, 269]

175 295
[464, 233, 252, 283]

176 426
[448, 241, 394, 283]

177 637
[357, 287, 418, 515]

178 -187
[229, 159, 248, 163]

179 655
[615, 298, 324, 342]

180 527
[382, 345, 390, 321]

181 3671
[288, 529, 357, 393]

182 95
[187, 220, 216, 435]

183 3761
[300, 321, 457, 561]

184 477
[316, 307, 423, 377]

185 580
[279, 561, 312, 374]

186 718
[355, 334, 399, 563]

187 464
[443, 391, 311, 275]

188 762
[404, 329, 419, 566]

189 480
[268, 439, 451, 275]

190 478
[249, 587, 302, 281]

191 536
[309, 279, 378, 520]

192 525
[426, 408, 339, 289]

193 625
[303, 301, 532, 403]

194 628
[601, 305, 310, 323]

195 358
[511, 242, 254, 297]

196 392
[419, 273, 369, 284]

197 501
[473, 264, 306, 411]

198 -216
[190, 131, 281, 168]

199 698
[336, 429, 475, 377]

200 422
[296, 277, 495, 324]

201 496
[295, 543, 291, 313]

202 277
[311, 235, 414, 273]

203 224
[390, 193, 323, 253]

204 214
[228, 211, 392, 348]

205 -165
[372, 141, 159, 150]

206 127
[246, 192, 413, 258]

207 918
[335, 402, 728, 356]

208 684
[279, 640, 317, 395]

209 735
[627, 318, 344, 370]

210 509
[268, 531, 303, 375]

211 784
[404, 500, 434, 385]

212 588
[328, 290, 567, 329]

213 611
[508, 318, 388, 283]

214 327
[416, 391, 234, 256]

215 17
[178, 228, 190, 405]

216 688
[312, 357, 623, 345]

217 3533
[548, 266, 295, 329]

218 648
[290, 332, 663, 312]

219 803
[310, 447, 334, 625]

220 579
[363, 549, 295, 330]

221 369
[246, 261, 471, 346]

222 295
[199, 248, 559, 273]

223 861
[312, 374, 606, 468]

224 520
[280, 286, 520, 396]

225 647
[339, 513, 316, 417]

226 637
[333, 527, 302, 411]

227 146
[240, 302, 391, 195]

228 663
[488, 316, 423, 361]

229 545
[520, 302, 304, 383]

230 586
[527, 439, 281, 282]

231 683
[324, 415, 600, 304]

232 723
[327, 362, 415, 555]

233 770
[490, 344, 330, 548]

234 860
[295, 427, 562, 504]

235 847
[361, 434, 375, 613]

236 288
[332, 261, 458, 208]

237 365
[257, 315, 240, 527]

238 600
[466, 308, 422, 334]

239 3598
[269, 261, 295, 656]

240 369
[332, 302, 364, 337]

241 733
[722, 313, 307, 299]

242 643
[287, 329, 651, 319]

243 359
[261, 236, 338, 506]

244 444
[457, 432, 257, 249]

245 917
[398, 376, 449, 609]

246 3817
[548, 329, 447, 368]

247 524
[447, 286, 427, 281]

248 859
[608, 356, 333, 483]

249 854
[333, 378, 327, 757]

250 663
[279, 700, 330, 304]

251 3002
[415, 165, 177, 144]

252 404
[414, 255, 262, 438]

253 243
[519, 245, 204, 222]

254 860
[366, 365, 676, 365]

255 449
[407, 239, 314, 457]

256 362
[267, 539, 253, 257]

257 148
[202, 300, 411, 218]

258 196
[381, 390, 200, 205]

259 70
[401, 273, 203, 174]

260 189
[223, 293, 423, 208]

261 589
[295, 452, 317, 467]

262 820
[414, 295, 650, 395]

263 426
[257, 359, 517, 270]

264 453
[347, 262, 521, 280]

265 87
[189, 214, 441, 226]

266 381
[310, 194, 517, 294]

267 407
[254, 574, 280, 273]

268 481
[344, 480, 289, 341]

269 3608
[313, 262, 622, 314]

270 569
[259, 258, 764, 260]

271 316
[445, 218, 256, 344]

272 574
[571, 242, 448, 268]

273 3502
[254, 224, 292, 623]

274 347
[226, 323, 497, 261]

275 813
[299, 687, 387, 356]

276 539
[250, 361, 589, 270]

277 12
[156, 203, 160, 460]

278 3939
[393, 474, 353, 609]

279 695
[261, 285, 752, 300]

280 286
[213, 236, 581, 213]

281 758
[269, 298, 316, 774]

282 654
[277, 368, 645, 309]

283 -212
[359, 120, 150, 147]

284 613
[643, 279, 274, 326]

285 321
[222, 408, 323, 348]

286 478
[547, 233, 367, 267]

287 528
[619, 238, 251, 336]

288 352
[294, 422, 292, 301]

289 686
[302, 715, 279, 329]

290 55
[183, 309, 195, 350]

291 3112
[173, 169, 351, 324]

292 855
[565, 304, 483, 412]

293 581
[372, 278, 565, 310]

294 639
[266, 615, 362, 315]

295 875
[334, 462, 653, 351]

296 465
[329, 245, 252, 608]

297 607
[317, 612, 287, 330]

298 770
[414, 542, 342, 379]

299 363
[552, 229, 242, 310]

300 607
[251, 474, 486, 327]

301 770
[410, 651, 314, 298]

302 697
[397, 307, 567, 386]

303 145
[299, 176, 413, 219]

304 550
[229, 239, 750, 276]

305 722
[489, 457, 312, 346]

306 577
[486, 239, 502, 277]

307 656
[293, 685, 317, 288]

308 603
[260, 289, 744, 279]

309 564
[461, 459, 281, 307]

310 288
[348, 208, 462, 247]

311 724
[641, 297, 330, 395]

312 708
[246, 320, 322, 776]

313 133
[347, 208, 327, 227]

314 622
[257, 734, 272, 300]

315 482
[502, 441, 226, 225]

316 350
[562, 250, 242, 243]

317 694
[281, 426, 550, 353]

318 436
[294, 220, 637, 231]

319 501
[233, 257, 246, 712]

320 959
[308, 431, 377, 748]

321 788
[801, 334, 283, 272]

322 1089
[617, 403, 555, 393]

323 607
[267, 385, 255, 643]

324 696
[407, 295, 647, 248]

325 440
[467, 225, 497, 223]

326 440
[379, 241, 535, 239]

327 331
[244, 210, 229, 619]

328 549
[690, 311, 230, 223]

329 835
[594, 325, 523, 325]

330 846
[520, 352, 524, 351]

331 546
[209, 485, 259, 545]

332 1024
[873, 336, 346, 343]

333 685
[539, 272, 248, 549]

334 230
[244, 193, 550, 196]

335 535
[239, 641, 242, 361]

336 438
[211, 406, 376, 398]

337 3901
[657, 316, 509, 266]

338 721
[269, 345, 268, 775]

339 582
[224, 609, 282, 412]

340 3654
[353, 268, 641, 299]

341 737
[270, 332, 745, 329]

342 993
[296, 395, 760, 469]

343 780
[259, 319, 288, 843]

344 183
[420, 185, 229, 319]

345 488
[231, 224, 763, 221]

346 635
[243, 280, 813, 268]

347 603
[252, 296, 767, 247]

348 717
[257, 251, 909, 262]

349 669
[231, 317, 770, 296]

350 538
[222, 258, 778, 248]

351 456
[215, 217, 602, 378]

352 23
[285, 156, 337, 215]

353 597
[324, 252, 582, 411]

354 724
[323, 237, 620, 505]

355 508
[403, 238, 534, 281]

356 475
[401, 274, 476, 275]

357 460
[271, 285, 600, 280]

358 127
[162, 255, 464, 208]

359 178
[291, 180, 437, 256]

360 660
[238, 361, 538, 464]

361 112
[372, 336, 170, 223]

362 697
[324, 603, 363, 374]

363 354
[219, 195, 228, 688]

364 245
[334, 502, 197, 175]

365 -343
[108, 111, 170, 259]

366 573
[591, 238, 359, 316]

367 549
[218, 236, 695, 313]

368 789
[241, 493, 578, 390]

369 886
[273, 282, 527, 755]

370 490
[230, 713, 240, 280]

371 494
[228, 229, 220, 769]

372 498
[727, 237, 198, 271]

373 106
[180, 409, 280, 222]

374 585
[717, 259, 218, 311]

375 494
[245, 263, 232, 721]

376 -88
[229, 194, 136, 342]

377 446
[245, 346, 527, 287]

378 590
[256, 233, 245, 783]

379 568
[250, 608, 381, 292]

380 147
[252, 289, 208, 374]

381 697
[267, 588, 269, 529]

382 40
[157, 332, 293, 242]

383 442
[221, 313, 425, 462]

384 912
[326, 438, 507, 545]

385 388
[418, 228, 364, 329]

386 783
[321, 780, 273, 323]

387 568
[239, 640, 408, 245]

388 159
[171, 303, 189, 474]

389 579
[246, 254, 633, 399]

390 624
[588, 438, 242, 282]

391 709
[286, 245, 235, 885]

392 78
[277, 152, 360, 257]

393 577
[531, 496, 292, 192]

394 475
[487, 442, 323, 182]

395 598
[258, 262, 496, 549]

396 3435
[439, 202, 500, 179]

397 3666
[415, 662, 260, 201]

398 473
[407, 209, 511, 267]

399 3743
[272, 245, 596, 509]

400 127
[304, 172, 171, 459]

401 394
[226, 174, 396, 559]

402 686
[322, 441, 258, 597]

403 425
[257, 394, 387, 351]

404 4036
[336, 984, 279, 287]

405 427
[561, 448, 193, 183]

406 483
[234, 345, 517, 353]

407 911
[436, 498, 535, 332]

408 731
[334, 714, 390, 230]

409 357
[276, 293, 226, 516]

410 486
[364, 335, 350, 403]

411 226
[221, 165, 349, 465]

412 352
[309, 188, 432, 359]

413 3581
[349, 338, 352, 445]

414 77
[184, 301, 181, 375]

415 715
[345, 210, 637, 443]

416 9
[556, 145, 154, 131]

417 32
[341, 138, 211, 308]

418 554
[228, 787, 256, 197]

419 571
[211, 313, 292, 707]

420 239
[364, 162, 215, 448]

421 636
[489, 555, 318, 203]

422 635
[537, 551, 281, 220]

423 88
[228, 183, 514, 153]

424 545
[414, 288, 308, 477]

425 103
[281, 220, 379, 184]

426 123
[278, 146, 523, 151]

427 458
[206, 595, 441, 196]

428 580
[266, 221, 296, 765]

429 406
[295, 239, 575, 256]

430 460
[217, 399, 406, 410]

431 245
[221, 601, 248, 152]

432 602
[336, 389, 371, 457]

433 474
[267, 417, 298, 448]

434 427
[309, 514, 285, 271]

435 523
[460, 231, 371, 421]

436 590
[254, 292, 560, 457]

437 532
[242, 693, 364, 187]

438 117
[226, 206, 465, 206]

439 641
[367, 605, 289, 351]

440 548
[223, 496, 529, 270]

441 339
[379, 276, 211, 436]

442 391
[179, 313, 619, 255]

443 452
[215, 743, 266, 201]

444 612
[539, 295, 284, 416]

445 629
[223, 230, 326, 794]

446 613
[251, 265, 427, 598]

447 865
[358, 303, 463, 678]

448 1146
[308, 839, 474, 417]

449 638
[247, 361, 789, 200]

450 613
[307, 751, 274, 189]

451 277
[249, 424, 434, 150]

452 286
[176, 302, 622, 167]

453 782
[351, 444, 678, 219]

454 547
[264, 202, 623, 425]

455 636
[288, 686, 360, 224]

456 753
[411, 250, 346, 662]

457 364
[389, 249, 368, 305]

458 136
[504, 192, 165, 239]

459 -415
[91, 117, 292, 79]

460 636
[385, 308, 610, 287]

461 272
[336, 413, 321, 181]

462 443
[317, 583, 287, 211]

463 807
[241, 294, 348, 856]

464 -71
[206, 227, 367, 115]

465 3321
[536, 347, 179, 150]

466 523
[198, 773, 319, 182]

467 797
[593, 264, 309, 522]

468 684
[534, 481, 322, 236]

469 710
[535, 362, 514, 222]

470 3946
[593, 326, 557, 361]

471 533
[274, 226, 614, 394]

472 1170
[947, 457, 329, 286]

473 3841
[219, 971, 314, 208]

474 3889
[227, 721, 595, 218]

475 423
[185, 174, 883, 163]

476 3665
[692, 237, 399, 203]

477 419
[188, 810, 235, 160]

478 901
[270, 314, 613, 646]

479 564
[428, 652, 267, 187]

480 730
[350, 753, 252, 329]

481 3735
[626, 244, 211, 514]

482 869
[452, 715, 234, 379]

483 938
[490, 746, 418, 210]

484 555
[181, 209, 438, 688]

485 586
[195, 393, 516, 433]

486 480
[373, 616, 187, 258]

487 386
[315, 427, 330, 289]

488 773
[707, 465, 241, 271]

489 889
[253, 700, 435, 415]

490 837
[650, 574, 204, 338]

491 815
[572, 527, 406, 246]

492 950
[265, 313, 370, 952]

493 3753
[304, 559, 497, 275]

494 713
[338, 659, 245, 409]

495 615
[546, 546, 249, 209]

496 923
[236, 705, 497, 401]

497 633
[216, 382, 742, 237]

498 481
[364, 214, 174, 688]

499 594
[455, 569, 229, 262]

500 899
[217, 352, 962, 303]

501 3971
[423, 493, 628, 320]

502 888
[344, 506, 472, 520]

503 710
[346, 251, 415, 651]

504 598
[455, 535, 253, 294]

505 62
[223, 140, 366, 322]

506 581
[179, 789, 287, 296]

507 559
[185, 721, 323, 303]

508 3151
[137, 364, 257, 296]

509 3664
[433, 432, 421, 264]

510 3759
[849, 248, 201, 322]

511 193
[330, 483, 152, 195]

512 613
[594, 469, 212, 282]

513 735
[475, 256, 594, 322]

514 3571
[880, 177, 184, 197]

515 3704
[937, 229, 177, 229]

516 722
[931, 236, 255, 203]

517 462
[852, 167, 181, 200]

518 647
[267, 196, 922, 213]

519 746
[197, 354, 924, 212]

520 730
[601, 539, 341, 187]

521 3786
[613, 549, 274, 223]

522 904
[592, 595, 307, 298]

523 662
[480, 222, 326, 585]

524 3918
[576, 495, 382, 337]

525 443
[152, 429, 629, 192]

526 618
[194, 502, 639, 234]

527 539
[341, 539, 364, 244]

528 910
[231, 1044, 192, 372]

529 2891
[501, 114, 82, 99]

530 722
[957, 242, 140, 258]

531 398
[731, 220, 142, 256]

532 487
[834, 192, 165, 243]

533 651
[648, 209, 174, 557]

534 818
[1018, 269, 181, 212]

535 502
[370, 698, 138, 221]

536 3342
[440, 212, 415, 178]

537 519
[488, 260, 452, 250]

538 3764
[529, 269, 557, 291]

539 848
[339, 790, 410, 201]

540 307
[438, 494, 166, 137]

541 209
[279, 325, 436, 144]

542 624
[465, 352, 491, 268]

543 635
[281, 735, 333, 206]

544 3668
[308, 870, 206, 173]

545 3782
[337, 352, 590, 372]

546 623
[994, 208, 164, 160]

547 764
[982, 247, 175, 223]

548 622
[339, 718, 168, 326]

549 -28
[149, 535, 95, 178]

550 107
[404, 148, 108, 415]

551 3922
[313, 1059, 184, 225]

552 537
[249, 205, 805, 249]

553 896
[624, 317, 661, 204]

554 401
[233, 469, 478, 193]

555 508
[161, 217, 275, 806]

556 309
[156, 598, 311, 223]

557 302
[154, 179, 734, 198]

558 752
[190, 574, 182, 726]

559 380
[337, 194, 577, 246]

560 647
[240, 639, 265, 465]

561 728
[261, 215, 883, 311]

562 653
[428, 253, 617, 307]

563 3672
[255, 302, 685, 316]

564 769
[536, 689, 188, 252]

565 3554
[337, 783, 173, 159]

566 480
[186, 750, 300, 215]

567 682
[209, 792, 441, 202]

568 3894
[298, 1002, 211, 241]

569 561
[306, 604, 428, 180]

570 436
[295, 406, 523, 175]

571 573
[300, 365, 643, 210]

572 308
[498, 144, 490, 139]

573 647
[302, 210, 294, 780]

574 855
[329, 714, 494, 223]

575 866
[517, 514, 518, 222]

576 825
[236, 1058, 207, 252]

577 612
[498, 208, 382, 472]

578 778
[457, 234, 574, 427]

579 664
[816, 290, 202, 244]

580 3710
[223, 679, 452, 264]

581 930
[371, 327, 754, 417]

582 648
[297, 229, 220, 823]

583 3834
[249, 512, 765, 198]

584 3716
[227, 457, 749, 180]

585 638
[176, 189, 1040, 169]

586 3802
[1019, 186, 238, 211]

587 760
[246, 934, 336, 174]

588 531
[209, 891, 206, 185]

589 919
[196, 998, 321, 314]

590 1046
[379, 316, 1004, 236]

591 3814
[161, 249, 1104, 198]

592 725
[150, 280, 1024, 188]

593 919
[190, 269, 1183, 204]

594 693
[254, 175, 1004, 170]

595 717
[167, 1026, 291, 177]

596 574
[143, 334, 497, 574]

597 819
[184, 335, 284, 968]

598 823
[269, 991, 345, 152]

599 3760
[248, 670, 373, 351]

600 1001
[349, 886, 494, 194]

601 1138
[322, 1110, 364, 195]

602 3680
[226, 617, 239, 504]

603 440
[139, 934, 189, 134]

604 811
[273, 1034, 247, 172]

605 4134
[886, 677, 221, 193]

606 579
[319, 514, 538, 151]

607 796
[392, 622, 516, 181]

608 509
[267, 472, 583, 131]

609 1064
[621, 651, 479, 203]

610 973
[252, 568, 771, 274]

611 866
[227, 885, 252, 445]

612 3566
[154, 418, 188, 713]

613 4096
[264, 769, 270, 645]

614 646
[404, 750, 279, 159]

615 689
[376, 718, 322, 189]

616 589
[153, 181, 1056, 156]

617 840
[289, 411, 838, 227]

618 807
[321, 587, 417, 422]

619 799
[420, 565, 600, 155]

620 823
[275, 849, 343, 287]

621 477
[388, 309, 571, 153]

622 610
[324, 162, 256, 828]

623 54
[218, 210, 139, 477]

624 370
[208, 393, 394, 336]

625 370
[371, 339, 480, 142]

626 -61
[192, 297, 209, 208]

627 55
[610, 218, 107, 101]

628 403
[317, 493, 276, 298]

629 392
[243, 123, 207, 808]

630 475
[273, 638, 200, 306]

631 476
[183, 157, 955, 140]

632 741
[166, 917, 438, 179]

633 413
[150, 495, 327, 405]

634 45
[134, 110, 686, 107]

635 568
[351, 280, 361, 554]

636 459
[238, 279, 353, 569]

637 657
[289, 322, 272, 748]

638 77
[192, 162, 324, 384]

639 432
[256, 405, 619, 128]

640 284
[243, 373, 484, 163]

641 541
[628, 370, 356, 159]

642 281
[217, 145, 704, 136]

643 475
[565, 119, 160, 527]

644 240
[178, 479, 413, 152]

645 134
[667, 122, 148, 173]

646 667
[190, 226, 279, 899]

647 287
[153, 166, 780, 173]

648 558
[574, 198, 416, 348]

649 -142
[136, 87, 501, 129]

650 145
[328, 114, 148, 541]

651 728
[276, 171, 1099, 153]

652 399
[138, 730, 213, 305]

653 414
[328, 635, 205, 224]

654 627
[456, 165, 377, 597]

655 -95
[562, 79, 102, 107]

656 537
[609, 134, 638, 130]

657 31
[109, 120, 692, 102]

658 521
[166, 224, 859, 255]

659 456
[183, 119, 811, 306]

660 -40
[114, 374, 179, 282]

661 3567
[329, 814, 198, 126]

662 462
[772, 138, 276, 237]

663 488
[248, 674, 252, 272]

664 705
[391, 337, 737, 170]

665 405
[126, 711, 384, 129]

666 325
[191, 239, 670, 216]

667 472
[162, 302, 488, 495]

668 470
[156, 276, 367, 632]

669 457
[142, 878, 273, 144]

670 519
[540, 162, 212, 538]

671 162
[204, 110, 469, 339]

672 719
[296, 166, 1007, 197]

673 578
[237, 899, 236, 174]

674 553
[159, 170, 1001, 184]

675 368
[116, 125, 938, 136]

676 374
[175, 308, 402, 462]

677 489
[174, 127, 968, 203]

678 507
[167, 137, 1010, 168]

679 771
[682, 130, 585, 273]

680 480
[132, 153, 617, 561]

681 421
[190, 752, 334, 132]

682 563
[455, 424, 391, 217]

683 553
[193, 370, 739, 201]

684 528
[232, 712, 295, 263]

685 415
[151, 128, 203, 893]

686 530
[132, 129, 575, 672]

687 491
[118, 920, 236, 200]

688 3603
[848, 169, 185, 298]

689 552
[148, 833, 248, 278]

690 693
[220, 907, 249, 240]

691 198
[128, 135, 136, 763]

692 474
[286, 861, 165, 141]

693 3579
[952, 183, 147, 160]

694 688
[1008, 175, 261, 149]

695 680
[460, 192, 663, 293]

696 545
[475, 329, 378, 300]

697 969
[781, 249, 438, 423]

698 558
[131, 403, 849, 137]

699 932
[165, 369, 288, 1049]

700 495
[128, 937, 232, 138]

701 767
[143, 341, 966, 266]

702 3756
[172, 984, 368, 134]

703 665
[140, 1097, 265, 141]

704 346
[753, 129, 199, 190]

705 677
[785, 384, 286, 127]

706 3554
[616, 522, 183, 119]

707 527
[644, 143, 546, 120]

708 452
[428, 109, 706, 132]

709 3507
[352, 130, 196, 710]

710 183
[259, 97, 624, 181]

711 607
[399, 138, 869, 167]

712 431
[124, 116, 1054, 121]

713 3785
[358, 153, 1026, 142]

714 641
[149, 361, 252, 814]

715 325
[441, 563, 160, 107]

716 426
[521, 175, 538, 111]

717 3861
[710, 565, 276, 159]

718 633
[564, 567, 269, 139]

719 571
[170, 143, 1072, 111]

720 581
[155, 334, 912, 115]

721 770
[193, 361, 1041, 140]

722 963
[237, 526, 952, 177]

723 592
[156, 513, 327, 565]

724 3620
[556, 270, 559, 122]

725 682
[435, 235, 271, 645]

726 2960
[168, 318, 319, 55]

727 708
[414, 584, 479, 140]

728 540
[255, 155, 339, 760]

729 476
[150, 938, 232, 114]

730 778
[219, 194, 1143, 146]

731 730
[734, 130, 609, 148]

732 3607
[331, 715, 338, 120]

733 776
[579, 263, 723, 142]

734 604
[161, 679, 405, 330]

735 3204
[336, 129, 551, 85]

736 656
[526, 396, 500, 122]

737 980
[252, 260, 353, 1017]

738 596
[1029, 128, 228, 121]

739 632
[607, 358, 449, 122]

740 330
[433, 310, 454, 98]

741 634
[634, 222, 578, 123]

742 510
[534, 588, 199, 138]

743 3760
[654, 303, 184, 475]

744 706
[319, 998, 231, 123]

745 623
[287, 162, 272, 867]

746 654
[151, 265, 1075, 116]

747 586
[533, 404, 440, 121]

748 457
[366, 307, 188, 543]

749 507
[196, 746, 418, 117]

750 593
[812, 306, 245, 155]

751 3749
[493, 549, 256, 329]

752 3775
[717, 142, 246, 542]

753 513
[305, 199, 683, 245]

754 -260
[467, 69, 127, 65]

755 3542
[708, 124, 444, 136]

756 700
[735, 150, 279, 461]

757 183
[759, 81, 182, 90]

758 704
[1024, 122, 333, 124]

759 111
[707, 107, 170, 79]

760 553
[582, 107, 250, 542]

761 714
[677, 144, 295, 528]

762 355
[113, 729, 386, 119]

763 689
[636, 579, 262, 126]

764 447
[534, 485, 248, 113]

765 637
[597, 562, 234, 144]

766 462
[510, 331, 186, 391]

767 426
[527, 562, 181, 117]

768 748
[657, 537, 317, 136]

769 507
[244, 243, 197, 794]

770 669
[681, 535, 232, 122]

771 29
[284, 468, 166, 89]

772 466
[550, 347, 200, 330]

773 340
[262, 241, 631, 181]

774 541
[582, 561, 175, 115]

775 636
[587, 502, 300, 135]

776 305
[265, 624, 151, 226]

777 751
[312, 152, 594, 626]

778 749
[220, 134, 604, 717]

779 563
[281, 499, 555, 151]

780 691
[476, 319, 341, 491]

781 689
[254, 150, 1063, 128]

782 3562
[589, 580, 163, 118]

783 242
[434, 210, 436, 110]

784 699
[393, 122, 336, 777]

785 345
[429, 194, 525, 123]

786 718
[709, 104, 645, 148]

787 3690
[690, 113, 189, 548]

788 431
[577, 93, 135, 586]

789 567
[660, 490, 167, 160]

790 265
[425, 557, 134, 98]

791 29
[376, 403, 125, 101]

792 261
[804, 107, 207, 113]

793 543
[173, 891, 165, 243]

794 391
[439, 194, 539, 121]

795 552
[125, 119, 1079, 192]

796 696
[596, 637, 221, 181]

797 90
[310, 179, 125, 427]

798 -141
[318, 211, 75, 235]

799 521
[553, 590, 191, 137]

800 534
[129, 126, 240, 997]

801 447
[152, 748, 226, 300]

802 513
[135, 245, 294, 815]

803 313
[142, 548, 462, 143]

804 521
[212, 327, 295, 664]

805 765
[901, 135, 224, 411]

806 3741
[1029, 153, 317, 118]

807 597
[204, 121, 1125, 104]

808 377
[320, 94, 835, 108]

809 402
[591, 308, 382, 96]

810 355
[478, 586, 183, 90]

811 415
[411, 554, 287, 84]

812 633
[181, 898, 294, 216]

813 825
[156, 551, 493, 561]

814 757
[491, 447, 609, 155]

815 912
[129, 607, 971, 139]

816 776
[128, 540, 303, 744]

817 957
[139, 489, 199, 1062]

818 747
[142, 1279, 162, 118]

819 1064
[212, 521, 216, 1055]

820 3897
[661, 384, 591, 117]

821 1061
[331, 353, 1119, 147]

822 4068
[130, 1230, 434, 138]

823 4239
[452, 935, 538, 143]

824 886
[111, 1247, 315, 138]

825 3889
[388, 472, 782, 137]

826 991
[268, 1188, 212, 216]

827 252
[114, 94, 788, 237]

828 747
[206, 179, 315, 973]

829 3845
[365, 944, 209, 217]

830 549
[381, 479, 511, 110]

831 108
[300, 595, 119, 80]

832 960
[773, 550, 237, 298]

833 1115
[538, 368, 940, 130]

834 906
[181, 1260, 286, 124]

835 825
[280, 828, 347, 319]

836 841
[720, 245, 617, 136]

837 577
[502, 334, 195, 488]

838 409
[257, 609, 430, 85]

839 819
[514, 457, 241, 499]

840 272
[340, 668, 114, 75]

841 804
[605, 716, 259, 130]

842 873
[504, 861, 250, 166]

843 3868
[635, 214, 737, 128]

844 767
[165, 169, 349, 1011]

845 540
[542, 590, 191, 149]

846 929
[468, 283, 911, 174]

847 877
[827, 521, 228, 196]

848 691
[665, 324, 197, 449]

849 817
[304, 718, 225, 505]

850 781
[433, 452, 668, 166]

851 1039
[473, 544, 670, 233]

852 875
[532, 445, 248, 576]

853 477
[233, 212, 385, 605]

854 1052
[150, 311, 292, 1180]

855 452
[398, 155, 729, 123]

856 659
[235, 360, 392, 631]

857 774
[332, 612, 257, 488]

858 939
[247, 364, 410, 823]

859 861
[169, 535, 709, 376]

860 426
[176, 564, 557, 108]

861 1262
[358, 679, 935, 149]

862 1136
[254, 932, 697, 147]

863 4113
[242, 889, 524, 305]

864 659
[188, 989, 311, 110]

865 773
[497, 248, 490, 432]

866 896
[144, 304, 327, 1057]

867 775
[443, 765, 387, 128]

868 136
[438, 253, 167, 250]

869 586
[186, 928, 188, 215]

870 903
[350, 372, 957, 131]

871 908
[198, 454, 218, 943]

872 775
[729, 686, 117, 122]

873 1214
[962, 345, 649, 132]

874 241
[178, 116, 847, 81]

875 494
[147, 123, 352, 832]

876 693
[279, 576, 442, 370]

877 919
[232, 280, 1230, 127]

878 533
[201, 143, 552, 592]

879 451
[93, 530, 475, 333]

880 3637
[745, 119, 551, 96]

881 722
[721, 177, 622, 94]

882 790
[106, 424, 519, 678]

883 3593
[517, 130, 558, 268]

884 405
[509, 144, 133, 551]

885 4085
[488, 620, 333, 508]

886 875
[779, 230, 248, 495]

887 876
[131, 1168, 381, 136]

888 976
[171, 1095, 334, 295]

889 1032
[841, 218, 716, 118]

890 4164
[808, 287, 746, 130]

891 3916
[596, 215, 333, 604]

892 891
[134, 732, 799, 154]

893 704
[110, 609, 384, 573]

894 690
[107, 939, 254, 367]

895 805
[1132, 125, 299, 118]

896 1072
[1197, 283, 337, 124]

897 885
[113, 232, 1361, 117]

898 858
[604, 171, 802, 151]

899 865
[506, 162, 320, 769]

900 234
[358, 165, 149, 525]

901 747
[214, 1001, 228, 236]

902 825
[542, 168, 871, 132]

903 1001
[773, 277, 638, 142]

904 1105
[747, 248, 557, 413]

905 3564
[514, 117, 197, 585]

906 836
[147, 1126, 376, 119]

907 652
[440, 178, 790, 190]

908 524
[446, 273, 688, 91]

909 477
[102, 85, 253, 1002]

910 280
[122, 428, 231, 481]

911 335
[165, 411, 579, 164]

912 753
[672, 481, 265, 243]

913 481
[106, 102, 239, 980]

914 502
[165, 380, 372, 566]

915 3954
[342, 427, 923, 125]

916 522
[94, 123, 1024, 266]

917 706
[331, 354, 649, 336]

918 861
[195, 398, 925, 304]

919 847
[494, 185, 780, 300]

920 567
[753, 150, 150, 451]

921 271
[337, 93, 566, 258]

922 3852
[401, 134, 444, 759]

923 848
[192, 1079, 239, 265]

924 3631
[334, 910, 205, 85]

925 278
[100, 887, 184, 95]

926 449
[359, 99, 866, 104]

927 343
[110, 259, 869, 89]

928 776
[139, 137, 1344, 111]

929 658
[231, 118, 1034, 250]

930 582
[1171, 71, 189, 70]

931 453
[295, 94, 813, 209]

932 624
[713, 102, 223, 508]

933 3695
[779, 92, 348, 331]

934 576
[173, 120, 1036, 212]

935 3709
[722, 125, 146, 584]

936 671
[1204, 100, 182, 101]

937 382
[1072, 88, 104, 74]

938 664
[415, 231, 828, 110]

939 4107
[174, 948, 745, 120]

940 737
[424, 184, 693, 375]

941 903
[498, 143, 826, 307]

942 271
[870, 88, 184, 75]

943 850
[1202, 132, 240, 135]

944 3977
[859, 542, 317, 101]

945 697
[541, 651, 291, 133]

946 17
[60, 67, 823, 66]

947 577
[154, 120, 1167, 91]

948 3658
[538, 124, 765, 108]

949 3749
[655, 616, 181, 146]

950 613
[101, 148, 1244, 93]

951 645
[170, 108, 1051, 248]

952 886
[280, 164, 1261, 113]

953 611
[426, 106, 620, 395]

954 463
[448, 245, 532, 200]

955 702
[525, 633, 301, 185]

956 604
[598, 489, 347, 110]

957 247
[366, 80, 165, 564]

958 3551
[525, 268, 142, 492]

959 441
[534, 120, 210, 533]

960 440
[77, 275, 973, 103]

961 419
[72, 114, 1152, 77]

962 134
[298, 168, 579, 68]

963 805
[243, 105, 1282, 104]

964 488
[99, 75, 1206, 90]

965 36
[71, 321, 573, 65]

966 3766
[1037, 109, 397, 93]

967 490
[523, 567, 268, 79]

968 612
[577, 101, 496, 369]

969 398
[83, 212, 897, 199]

970 584
[96, 943, 240, 290]

971 441
[278, 147, 738, 254]

972 866
[780, 265, 213, 475]

973 98
[67, 63, 150, 808]

974 866
[532, 373, 666, 205]

975 622
[169, 272, 186, 912]

976 386
[470, 161, 112, 603]

977 627
[400, 150, 821, 212]

978 573
[185, 1104, 147, 93]

979 753
[253, 1167, 182, 94]

