0 -35
[244, 228, 250, 253]

1 165
[279, 318, 292, 286]

2 397
[344, 347, 347, 369]

3 212
[288, 297, 315, 322]

4 507
[367, 383, 409, 358]

5 300
[343, 352, 302, 313]

6 -208
[212, 190, 194, 206]

7 285
[360, 306, 286, 343]

8 458
[409, 354, 368, 347]

9 570
[391, 385, 420, 384]

10 382
[336, 348, 376, 332]

11 316
[331, 296, 363, 336]

12 38
[256, 257, 255, 280]

13 125
[249, 326, 276, 284]

14 125
[273, 309, 297, 256]

15 343
[345, 351, 318, 339]

16 119
[279, 307, 282, 261]

17 608
[375, 460, 381, 402]

18 78
[266, 274, 269, 279]

19 565
[424, 357, 424, 370]

20 299
[330, 350, 317, 312]

21 602
[382, 390, 399, 441]

22 552
[377, 394, 398, 388]

23 -61
[254, 234, 235, 226]

24 390
[329, 361, 384, 326]

25 182
[275, 283, 340, 294]

26 -57
[226, 250, 251, 226]

27 362
[371, 326, 334, 341]

28 230
[308, 343, 317, 272]

29 684
[425, 423, 409, 437]

30 64
[276, 260, 275, 263]

31 286
[360, 304, 326, 306]

32 80
[282, 254, 277, 277]

33 444
[346, 306, 437, 365]

34 -48
[256, 250, 216, 240]

35 311
[306, 349, 362, 304]

36 31
[284, 266, 252, 239]

37 489
[368, 382, 398, 351]

38 368
[327, 386, 324, 341]

39 308
[338, 316, 331, 333]

40 380
[338, 377, 352, 323]

41 123
[372, 273, 261, 227]

42 706
[388, 426, 386, 516]

43 424
[373, 330, 374, 352]

44 57
[261, 241, 329, 236]

45 245
[287, 296, 294, 378]

46 456
[409, 363, 330, 364]

47 -2
[299, 225, 245, 239]

48 413
[329, 371, 419, 304]

49 311
[295, 407, 313, 306]

50 429
[356, 340, 325, 418]

51 329
[361, 335, 304, 339]

52 461
[430, 366, 335, 340]

53 728
[454, 405, 435, 444]

54 214
[310, 308, 281, 325]

55 418
[342, 340, 305, 441]

56 687
[354, 431, 528, 384]

57 379
[324, 344, 417, 304]

58 3840
[487, 434, 420, 479]

59 875
[415, 436, 631, 393]

60 193
[243, 281, 301, 378]

61 739
[462, 542, 365, 380]

62 565
[373, 381, 425, 391]

63 330
[296, 319, 310, 415]

64 645
[381, 418, 418, 438]

65 611
[506, 368, 381, 366]

66 570
[472, 353, 364, 391]

67 142
[265, 329, 269, 289]

68 422
[337, 416, 342, 337]

69 672
[385, 482, 392, 423]

70 527
[422, 375, 363, 377]

71 -248
[200, 163, 252, 147]

72 -69
[206, 232, 250, 263]

73 512
[381, 406, 405, 330]

74 469
[392, 399, 359, 329]

75 416
[322, 396, 321, 387]

76 422
[391, 333, 413, 295]

77 647
[431, 470, 446, 310]

78 454
[326, 346, 464, 328]

79 784
[432, 498, 477, 387]

80 630
[578, 401, 314, 347]

81 602
[381, 354, 450, 427]

82 774
[494, 484, 443, 363]

83 239
[292, 301, 291, 365]

84 248
[428, 270, 296, 264]

85 368
[298, 272, 507, 301]

86 358
[425, 294, 354, 295]

87 644
[364, 454, 463, 373]

88 522
[330, 405, 457, 340]

89 509
[353, 337, 534, 295]

90 582
[398, 378, 505, 311]

91 647
[401, 378, 431, 447]

92 458
[380, 336, 377, 375]

93 596
[351, 375, 376, 504]

94 269
[266, 383, 286, 344]

95 471
[336, 380, 320, 445]

96 713
[588, 381, 390, 364]

97 470
[379, 339, 366, 396]

98 576
[316, 337, 577, 356]

99 425
[380, 334, 445, 276]

100 181
[260, 274, 403, 254]

101 607
[454, 376, 454, 333]

