0 342
[326, 345, 312, 330]

1 801
[416, 415, 441, 430]

2 -238
[185, 199, 179, 185]

3 645
[388, 431, 405, 381]

4 440
[346, 363, 324, 368]

5 646
[419, 418, 362, 370]

6 3355
[332, 304, 283, 329]

7 683
[409, 445, 364, 417]

8 402
[303, 368, 349, 339]

9 721
[413, 397, 438, 417]

10 319
[325, 338, 314, 319]

11 131
[291, 277, 293, 254]

12 181
[331, 301, 265, 261]

13 77
[265, 264, 254, 254]

14 304
[281, 331, 342, 304]

15 508
[357, 352, 393, 354]

16 727
[402, 438, 409, 373]

17 3711
[382, 376, 399, 438]

18 788
[469, 461, 420, 391]

19 601
[380, 403, 385, 370]

20 308
[296, 367, 295, 287]

21 882
[450, 430, 502, 433]

22 246
[327, 269, 321, 304]

23 191
[269, 257, 329, 271]

24 137
[273, 309, 288, 225]

25 635
[375, 384, 432, 370]

26 467
[352, 379, 313, 376]

27 302
[351, 291, 298, 321]

28 86
[291, 234, 310, 213]

29 125
[256, 261, 289, 303]

30 130
[233, 271, 357, 253]

31 -65
[192, 261, 258, 214]

32 387
[356, 338, 315, 349]

33 351
[320, 316, 328, 338]

34 488
[343, 425, 334, 361]

35 407
[341, 394, 339, 285]

36 570
[358, 392, 379, 401]

37 463
[351, 438, 336, 310]

38 630
[436, 450, 351, 352]

39 246
[331, 365, 260, 267]

40 547
[337, 418, 387, 369]

41 472
[422, 321, 377, 300]

42 13
[237, 265, 255, 241]

43 162
[287, 325, 248, 260]

44 559
[389, 415, 314, 365]

45 507
[450, 355, 352, 311]

46 2
[221, 338, 222, 204]

47 167
[385, 261, 246, 249]

48 -35
[211, 206, 198, 332]

49 161
[340, 252, 333, 215]

50 4
[246, 313, 215, 213]

51 280
[331, 279, 284, 356]

52 393
[425, 291, 361, 262]

53 279
[280, 316, 409, 229]

54 254
[252, 342, 299, 324]

55 412
[447, 255, 280, 394]

56 137
[281, 293, 308, 218]

57 163
[264, 374, 221, 279]

58 514
[347, 468, 272, 357]

59 45
[225, 335, 251, 214]

60 688
[373, 342, 581, 316]

61 -13
[222, 237, 196, 320]

62 116
[267, 382, 214, 193]

63 268
[279, 386, 286, 253]

64 153
[423, 228, 226, 213]

65 372
[300, 297, 396, 335]

66 234
[261, 434, 240, 258]

67 328
[294, 257, 451, 281]

68 137
[248, 431, 226, 208]

69 514
[360, 409, 358, 335]

70 347
[271, 288, 346, 417]

71 276
[362, 264, 261, 363]

72 812
[428, 595, 375, 320]

73 309
[279, 273, 455, 277]

74 263
[250, 502, 256, 233]

75 266
[288, 235, 455, 240]

76 101
[236, 403, 209, 215]

77 392
[305, 329, 316, 414]

78 234
[252, 407, 332, 219]

79 351
[466, 273, 235, 314]

80 451
[329, 319, 315, 452]

81 573
[408, 488, 332, 268]

82 -77
[199, 258, 146, 288]

83 -101
[181, 158, 273, 274]

84 3461
[309, 453, 250, 344]

85 630
[627, 298, 296, 303]

86 363
[254, 241, 253, 584]

87 96
[362, 201, 208, 300]

88 172
[246, 493, 199, 210]

89 216
[222, 236, 378, 320]

90 128
[334, 359, 197, 212]

91 133
[323, 210, 193, 379]

92 608
[513, 342, 384, 278]

93 -124
[176, 254, 141, 273]

94 406
[434, 433, 265, 244]

95 634
[308, 325, 407, 532]

96 444
[274, 250, 312, 551]

97 647
[440, 555, 279, 296]

98 500
[291, 289, 324, 523]

99 192
[428, 338, 212, 189]

100 100
[215, 228, 180, 443]

101 292
[279, 422, 327, 216]

102 97
[220, 220, 178, 454]

103 804
[352, 417, 360, 592]

104 315
[571, 244, 218, 232]

105 568
[284, 300, 372, 570]

106 605
[332, 652, 280, 285]

107 818
[680, 337, 434, 289]

108 234
[213, 240, 215, 538]

109 442
[444, 279, 458, 231]

110 430
[249, 393, 520, 217]

111 323
[297, 558, 227, 211]

112 408
[626, 259, 246, 235]

113 770
[351, 422, 568, 357]

114 431
[253, 506, 266, 336]

115 197
[382, 214, 220, 353]

116 330
[427, 256, 415, 198]

117 617
[490, 281, 287, 449]

118 551
[316, 644, 279, 240]

119 815
[345, 336, 756, 303]

120 412
[270, 307, 270, 496]

121 315
[252, 232, 592, 213]

122 566
[422, 252, 324, 525]

123 747
[369, 720, 285, 267]

124 574
[269, 676, 248, 348]

125 3504
[308, 481, 357, 254]

126 162
[276, 342, 321, 203]

127 211
[330, 453, 199, 187]

128 300
[302, 455, 287, 200]

129 424
[359, 240, 569, 212]

130 589
[289, 457, 315, 491]

131 350
[341, 425, 309, 208]

132 592
[266, 309, 404, 561]

133 658
[565, 282, 511, 238]

134 445
[245, 297, 284, 570]

135 629
[709, 308, 285, 222]

136 869
[343, 326, 802, 295]

137 -110
[231, 352, 173, 118]

138 623
[304, 367, 330, 569]

139 -166
[124, 143, 311, 245]

140 -27
[314, 315, 180, 150]

141 453
[338, 450, 396, 232]

142 282
[221, 282, 471, 252]

143 622
[544, 469, 291, 235]

144 708
[432, 435, 421, 369]

145 226
[170, 333, 334, 368]

146 513
[258, 718, 257, 236]

147 564
[585, 397, 246, 245]

148 463
[315, 650, 251, 212]

149 703
[318, 244, 682, 362]

150 351
[513, 311, 291, 205]

151 857
[296, 519, 355, 588]

152 631
[241, 275, 819, 238]

153 3878
[373, 605, 331, 433]

154 583
[590, 408, 323, 195]

155 525
[245, 236, 769, 211]

156 788
[330, 748, 291, 315]

157 3176
[234, 201, 315, 327]

158 854
[308, 288, 407, 742]

159 528
[568, 223, 459, 214]

160 269
[239, 309, 286, 417]

161 755
[563, 572, 331, 222]

162 672
[249, 211, 883, 294]

163 665
[236, 727, 337, 311]

164 438
[261, 370, 589, 196]

165 392
[263, 208, 270, 627]

166 346
[540, 292, 306, 174]

167 651
[417, 591, 334, 222]

168 288
[548, 166, 382, 167]

169 787
[278, 265, 588, 598]

170 318
[258, 585, 275, 172]

171 429
[179, 602, 457, 168]

172 636
[324, 566, 276, 396]

173 203
[569, 159, 282, 165]

174 605
[234, 402, 723, 187]

175 685
[258, 213, 292, 843]

176 356
[315, 286, 558, 155]

177 629
[223, 223, 942, 205]

178 155
[313, 437, 197, 175]

179 170
[318, 428, 207, 197]

180 442
[350, 184, 613, 233]

181 311
[316, 288, 517, 164]

182 639
[236, 347, 276, 710]

183 490
[226, 203, 840, 193]

184 292
[185, 412, 209, 440]

185 674
[245, 618, 537, 216]

186 255
[164, 163, 352, 556]

187 295
[271, 603, 206, 169]

188 655
[558, 255, 273, 474]

189 227
[254, 169, 622, 163]

190 839
[545, 234, 577, 370]

191 885
[451, 749, 362, 246]

192 494
[231, 190, 834, 188]

193 613
[797, 322, 241, 186]

194 711
[262, 237, 946, 208]

195 605
[511, 485, 303, 230]

196 444
[194, 187, 828, 187]

197 328
[311, 571, 214, 183]

198 370
[738, 179, 228, 191]

199 508
[204, 239, 701, 328]

200 886
[286, 751, 551, 210]

201 401
[664, 295, 248, 152]

202 748
[267, 246, 282, 888]

203 558
[213, 555, 239, 461]

204 498
[173, 669, 348, 267]

205 428
[598, 189, 257, 330]

206 609
[224, 418, 728, 196]

207 577
[193, 538, 226, 579]

208 700
[242, 222, 1001, 203]

209 3788
[258, 538, 647, 223]

210 920
[591, 289, 712, 219]

211 580
[202, 668, 280, 396]

212 466
[276, 164, 602, 398]

213 644
[289, 846, 291, 176]

214 602
[257, 215, 263, 817]

215 893
[522, 252, 319, 691]

216 3788
[888, 301, 269, 184]

217 3914
[274, 305, 1008, 201]

218 730
[667, 234, 561, 195]

219 615
[181, 215, 960, 185]

220 641
[220, 921, 271, 173]

221 22
[285, 162, 178, 388]

222 130
[196, 128, 632, 141]

223 980
[227, 209, 444, 1023]

224 72
[128, 133, 675, 124]

225 417
[169, 795, 278, 161]

226 449
[186, 228, 256, 758]

227 496
[316, 195, 776, 171]

228 955
[364, 906, 359, 226]

229 611
[183, 190, 861, 329]

230 635
[764, 354, 282, 163]

231 507
[241, 538, 381, 301]

232 629
[394, 264, 749, 198]

233 853
[250, 355, 350, 831]

234 639
[408, 199, 778, 196]

235 451
[295, 160, 642, 314]

236 422
[561, 403, 266, 146]

237 322
[143, 147, 423, 589]

238 407
[174, 734, 246, 230]

239 -1
[136, 183, 550, 119]

240 245
[118, 128, 414, 569]

241 702
[813, 211, 420, 162]

242 197
[176, 352, 491, 164]

243 324
[136, 255, 193, 706]

244 497
[164, 140, 987, 182]

245 -84
[85, 475, 150, 201]

246 89
[233, 574, 127, 115]

247 5
[597, 83, 187, 99]

248 285
[131, 501, 168, 414]

249 -11
[128, 548, 143, 163]

250 722
[950, 192, 298, 208]

251 480
[280, 208, 786, 122]

252 220
[151, 676, 189, 192]

253 459
[370, 438, 432, 166]

254 402
[161, 149, 231, 843]

255 313
[648, 152, 332, 146]

256 528
[179, 154, 246, 930]

257 138
[137, 367, 330, 289]

258 703
[713, 174, 564, 174]

259 -19
[110, 595, 138, 131]

260 540
[171, 174, 296, 875]

261 -192
[130, 75, 282, 315]

262 380
[594, 145, 449, 156]

263 493
[192, 661, 258, 365]

264 709
[154, 198, 1112, 173]

265 498
[226, 133, 226, 826]

266 657
[192, 176, 1102, 142]

267 264
[151, 808, 159, 132]

268 87
[265, 110, 598, 96]

269 43
[147, 99, 152, 614]

270 116
[142, 260, 423, 280]

271 544
[205, 150, 934, 176]

272 -65
[165, 80, 163, 513]

273 619
[296, 880, 250, 154]

274 299
[136, 252, 221, 678]

275 729
[226, 167, 1144, 139]

276 731
[264, 717, 336, 360]

277 361
[190, 129, 892, 134]

278 569
[173, 160, 679, 511]

279 437
[581, 142, 218, 467]

280 609
[179, 350, 772, 266]

281 575
[201, 812, 363, 173]

282 507
[421, 154, 752, 124]

283 440
[180, 151, 232, 838]

284 619
[167, 137, 1094, 172]

285 646
[150, 831, 428, 153]

286 577
[238, 143, 803, 339]

287 364
[501, 437, 222, 126]

288 99
[115, 143, 728, 99]

289 375
[302, 120, 660, 252]

290 320
[158, 110, 187, 850]

291 660
[156, 891, 321, 241]

292 430
[153, 114, 554, 570]

293 429
[578, 132, 428, 238]

294 646
[143, 212, 1122, 132]

295 618
[151, 893, 333, 191]

296 524
[134, 158, 949, 257]

297 3745
[1000, 287, 196, 119]

298 550
[740, 396, 213, 127]

299 543
[153, 820, 394, 136]

300 45
[195, 92, 394, 348]

301 2997
[399, 91, 134, 292]

302 147
[767, 101, 165, 86]

303 344
[376, 100, 158, 645]

304 618
[534, 645, 207, 140]

305 253
[216, 125, 161, 734]

306 451
[537, 157, 538, 166]

307 -183
[125, 517, 79, 84]

308 254
[368, 113, 562, 157]

309 69
[174, 82, 131, 667]

310 87
[364, 444, 108, 126]

311 73
[314, 92, 439, 204]

312 125
[161, 111, 145, 674]

313 726
[660, 599, 204, 178]

314 615
[270, 146, 816, 295]

315 600
[160, 799, 465, 150]

316 470
[140, 143, 880, 287]

317 506
[210, 139, 216, 916]

318 -103
[333, 62, 369, 96]

319 478
[114, 117, 208, 1007]

320 282
[108, 112, 716, 311]

321 591
[144, 621, 480, 285]

322 414
[144, 115, 964, 124]

323 3492
[403, 353, 180, 437]

324 407
[517, 113, 585, 125]

325 687
[655, 507, 240, 203]

326 756
[153, 923, 326, 308]

327 379
[105, 122, 877, 262]

328 765
[675, 143, 217, 621]

329 -268
[170, 59, 367, 124]

330 -194
[198, 370, 97, 126]

331 3127
[673, 86, 148, 114]

332 524
[138, 120, 1121, 132]

333 497
[113, 1082, 194, 96]

334 229
[97, 90, 189, 840]

335 566
[393, 411, 601, 129]

336 732
[1079, 150, 269, 125]

337 36
[77, 78, 111, 760]

338 394
[186, 272, 824, 96]

339 713
[561, 627, 309, 142]

340 619
[482, 110, 790, 184]

341 503
[516, 115, 205, 628]

342 784
[613, 660, 253, 144]

343 3771
[364, 137, 294, 847]

344 410
[120, 124, 1053, 98]

345 455
[142, 519, 536, 219]

346 480
[154, 116, 209, 979]

347 593
[612, 103, 685, 116]

348 678
[238, 933, 332, 125]

349 -94
[446, 56, 113, 253]

350 638
[660, 521, 256, 124]

351 626
[575, 368, 519, 105]

352 502
[257, 115, 1000, 105]

353 484
[195, 872, 273, 116]

354 -137
[71, 92, 174, 520]

355 594
[131, 117, 751, 576]

356 682
[351, 127, 978, 127]

357 235
[470, 85, 545, 88]

358 771
[177, 117, 421, 1009]

359 194
[243, 87, 677, 153]

360 448
[188, 732, 398, 104]

361 604
[145, 109, 482, 855]

362 342
[297, 267, 503, 240]

363 3701
[236, 878, 219, 272]

364 656
[179, 189, 631, 619]

365 3046
[70, 66, 140, 682]

366 445
[102, 92, 125, 1107]

367 552
[101, 341, 150, 932]

368 383
[97, 827, 315, 132]

369 612
[113, 237, 1113, 131]

370 475
[118, 223, 205, 897]

371 461
[1005, 105, 183, 103]

372 478
[132, 104, 1087, 114]

373 711
[125, 672, 276, 608]

374 610
[398, 103, 177, 865]

375 869
[1233, 119, 237, 142]

376 527
[240, 622, 465, 119]

377 642
[116, 109, 426, 957]

378 612
[309, 707, 417, 131]

379 461
[643, 92, 568, 96]

380 319
[416, 403, 235, 217]

381 423
[147, 114, 425, 715]

382 705
[1081, 117, 264, 130]

383 490
[364, 724, 266, 95]

384 316
[141, 91, 364, 690]

385 742
[294, 113, 584, 686]

386 518
[433, 690, 248, 86]

387 555
[232, 242, 238, 814]

388 408
[179, 348, 158, 704]

389 540
[736, 121, 504, 109]

390 494
[676, 86, 559, 127]

391 6
[454, 66, 407, 57]

392 391
[114, 484, 105, 669]

393 730
[283, 364, 197, 802]

394 725
[675, 615, 219, 138]

395 506
[1053, 102, 165, 100]

396 -2
[85, 56, 231, 579]

397 518
[166, 118, 1011, 145]

398 547
[304, 135, 954, 119]

399 3871
[247, 250, 262, 1014]

400 3695
[242, 1020, 160, 161]

401 3704
[1153, 112, 204, 106]

402 611
[189, 118, 436, 801]

403 765
[412, 747, 392, 140]

404 627
[701, 113, 639, 95]

405 614
[348, 138, 648, 443]

406 773
[307, 148, 709, 521]

407 89
[206, 666, 124, 75]

408 511
[496, 511, 350, 108]

409 613
[369, 650, 439, 94]

410 419
[118, 106, 1080, 99]

411 692
[101, 124, 381, 1036]

412 572
[84, 102, 438, 929]

413 642
[100, 967, 461, 88]

414 639
[96, 122, 699, 659]

415 335
[77, 91, 406, 746]

416 537
[92, 846, 482, 103]

417 658
[216, 355, 928, 102]

418 210
[106, 334, 668, 95]

419 -38
[281, 53, 540, 51]

420 3816
[641, 91, 857, 85]

421 447
[305, 527, 484, 94]

422 385
[90, 954, 240, 86]

423 784
[136, 1103, 384, 94]

424 717
[209, 117, 212, 1110]

425 638
[291, 108, 725, 455]

426 720
[146, 103, 1293, 141]

427 571
[60, 128, 218, 1144]

428 598
[104, 960, 261, 235]

429 364
[72, 672, 193, 397]

430 365
[65, 736, 299, 254]

431 562
[86, 940, 227, 274]

432 507
[82, 933, 188, 283]

433 616
[85, 964, 366, 181]

434 770
[91, 117, 313, 1206]

435 261
[67, 80, 198, 910]

436 552
[112, 88, 951, 368]

437 260
[394, 77, 156, 604]

438 321
[252, 80, 630, 316]

439 273
[178, 77, 916, 80]

440 670
[104, 941, 273, 327]

441 -189
[56, 271, 192, 283]

442 63
[63, 68, 594, 336]

443 115
[49, 54, 871, 133]

444 3544
[541, 96, 203, 572]

445 559
[1090, 82, 235, 78]

446 315
[447, 66, 131, 609]

447 238
[456, 60, 148, 543]

448 551
[1085, 121, 178, 97]

449 296
[402, 562, 77, 223]

450 548
[1022, 199, 121, 159]

451 191
[874, 82, 94, 112]

452 598
[552, 144, 661, 159]

453 419
[340, 217, 746, 85]

454 741
[164, 182, 1130, 192]

455 671
[277, 842, 201, 310]

456 306
[73, 102, 121, 984]

457 742
[79, 1158, 149, 315]

458 358
[70, 91, 972, 209]

459 540
[105, 97, 1095, 226]

460 3524
[502, 213, 586, 113]

461 468
[491, 643, 186, 97]

462 3193
[273, 85, 673, 60]

463 151
[332, 141, 539, 113]

464 406
[350, 137, 749, 124]

465 166
[348, 572, 76, 138]

466 546
[1098, 123, 145, 107]

467 697
[91, 889, 542, 123]

468 622
[71, 137, 1262, 130]

469 418
[61, 313, 927, 104]

470 362
[56, 349, 116, 829]

471 509
[808, 181, 214, 241]

472 535
[344, 118, 140, 910]

473 569
[79, 258, 160, 1048]

474 437
[126, 1020, 180, 95]

475 735
[1039, 345, 173, 87]

476 3823
[496, 126, 1003, 75]

477 621
[83, 131, 311, 1055]

478 773
[97, 120, 390, 1115]

479 749
[248, 155, 1018, 297]

480 588
[79, 329, 170, 990]

481 989
[1226, 209, 260, 162]

482 832
[473, 419, 742, 111]

483 237
[266, 99, 77, 742]

484 965
[135, 440, 244, 1062]

485 774
[1184, 152, 267, 84]

486 805
[216, 135, 1314, 84]

487 479
[320, 115, 921, 70]

488 369
[88, 110, 167, 985]

489 223
[295, 542, 164, 205]

490 3799
[678, 247, 641, 83]

491 414
[689, 67, 526, 69]

492 514
[78, 83, 353, 983]

493 218
[53, 68, 333, 742]

494 583
[556, 97, 772, 84]

495 500
[1024, 102, 200, 63]

496 104
[198, 61, 84, 751]

497 653
[625, 102, 498, 344]

498 499
[72, 1091, 258, 61]

499 549
[70, 380, 199, 882]

500 755
[1216, 104, 240, 88]

501 323
[230, 533, 467, 66]

502 476
[57, 345, 979, 74]

503 438
[61, 926, 374, 61]

504 508
[69, 132, 374, 911]

505 442
[50, 326, 293, 756]

506 432
[65, 1063, 228, 60]

507 -211
[43, 170, 254, 317]

508 296
[55, 832, 316, 58]

509 620
[71, 104, 365, 1062]

510 420
[355, 524, 437, 66]

511 581
[394, 407, 680, 58]

512 539
[74, 119, 240, 1085]

513 722
[67, 690, 265, 682]

514 558
[80, 1109, 238, 82]

515 645
[588, 134, 783, 72]

516 833
[755, 120, 790, 69]

517 657
[524, 326, 520, 193]

518 858
[81, 994, 292, 428]

519 645
[549, 103, 179, 722]

520 322
[442, 44, 718, 84]

521 830
[539, 110, 789, 334]

522 501
[53, 1130, 219, 82]

523 807
[82, 777, 400, 504]

524 607
[172, 123, 449, 779]

525 713
[582, 74, 910, 67]

526 631
[666, 66, 755, 66]

527 660
[473, 761, 260, 60]

528 3582
[613, 64, 168, 603]

529 -51
[330, 177, 379, 43]

530 537
[133, 876, 403, 108]

531 522
[601, 81, 705, 64]

532 887
[877, 149, 654, 87]

533 692
[734, 539, 200, 114]

534 319
[51, 937, 256, 49]

535 136
[411, 42, 110, 544]

536 827
[249, 1157, 270, 94]

537 495
[63, 121, 869, 402]

538 605
[291, 57, 795, 408]

539 571
[549, 670, 215, 68]

540 588
[60, 199, 143, 1157]

541 313
[1004, 52, 166, 53]

542 603
[86, 721, 212, 565]

543 606
[83, 1206, 196, 96]

544 140
[873, 48, 114, 56]

545 660
[812, 81, 591, 77]

546 624
[317, 97, 1099, 75]

547 623
[54, 78, 1303, 151]

548 605
[61, 109, 220, 1165]

549 416
[55, 921, 343, 85]

550 432
[455, 54, 739, 111]

551 602
[606, 71, 229, 623]

552 825
[730, 107, 727, 145]

553 305
[348, 50, 567, 267]

554 611
[590, 289, 532, 83]

555 431
[54, 1015, 253, 79]

556 961
[392, 920, 239, 318]

557 3482
[567, 59, 72, 657]

558 742
[58, 132, 252, 1279]

559 80
[380, 508, 122, 44]

560 514
[256, 65, 1128, 53]

561 834
[218, 460, 207, 910]

562 862
[737, 112, 165, 723]

563 765
[75, 137, 212, 1297]

564 585
[180, 931, 222, 222]

565 773
[110, 1279, 250, 88]

566 414
[44, 80, 152, 1099]

567 823
[64, 1133, 271, 278]

568 656
[56, 542, 142, 875]

569 472
[36, 962, 142, 311]

570 554
[55, 100, 1234, 132]

571 425
[43, 944, 292, 143]

572 586
[63, 401, 942, 169]

573 612
[63, 409, 953, 154]

574 346
[379, 154, 130, 650]

575 644
[536, 559, 155, 312]

576 511
[516, 288, 542, 56]

577 239
[423, 46, 121, 619]

578 414
[616, 42, 518, 199]

579 566
[461, 70, 743, 253]

580 -74
[180, 45, 578, 105]

581 557
[50, 131, 118, 1234]

582 627
[597, 93, 126, 711]

583 848
[60, 107, 1378, 263]

584 389
[414, 707, 86, 119]

585 860
[586, 826, 249, 79]

586 477
[54, 111, 1224, 53]

587 593
[72, 78, 1380, 49]

588 596
[47, 289, 181, 1053]

589 734
[1253, 172, 144, 38]

590 1091
[68, 447, 258, 1251]

591 3775
[1153, 355, 90, 35]

592 765
[329, 144, 214, 1054]

593 944
[982, 211, 315, 367]

594 440
[38, 1178, 163, 39]

595 790
[55, 623, 1017, 58]

596 709
[93, 180, 1314, 84]

597 1064
[128, 214, 501, 1150]

598 948
[596, 216, 797, 219]

599 876
[580, 882, 270, 51]

600 309
[36, 68, 282, 912]

601 3607
[497, 105, 614, 287]

602 3447
[476, 95, 679, 71]

603 1103
[405, 869, 408, 286]

604 3871
[491, 197, 832, 195]

605 698
[600, 103, 794, 135]

606 905
[535, 243, 242, 772]

607 771
[60, 286, 181, 1211]

608 668
[92, 181, 473, 875]

609 786
[570, 775, 149, 185]

610 667
[461, 648, 198, 249]

611 591
[75, 122, 504, 833]

612 3645
[415, 776, 178, 161]

613 879
[513, 801, 276, 166]

614 4151
[614, 232, 682, 429]

615 3353
[351, 663, 85, 137]

616 639
[58, 315, 339, 900]

617 665
[61, 958, 468, 153]

618 306
[179, 253, 699, 126]

619 403
[274, 187, 769, 140]

620 826
[58, 1267, 228, 245]

621 358
[448, 475, 169, 226]

622 983
[608, 141, 763, 351]

623 3430
[453, 660, 97, 98]

624 829
[652, 150, 704, 212]

625 808
[608, 115, 918, 86]

626 552
[421, 803, 188, 90]

627 725
[516, 668, 191, 274]

628 595
[475, 162, 119, 748]

629 870
[42, 1258, 267, 248]

630 600
[44, 662, 134, 732]

631 684
[68, 1170, 327, 84]

632 701
[229, 130, 157, 1142]

633 658
[1192, 188, 119, 54]

634 740
[209, 190, 174, 1130]

635 468
[492, 821, 59, 21]

636 3667
[971, 342, 152, 56]

637 3834
[633, 380, 615, 68]

638 373
[386, 409, 485, 51]

639 823
[93, 167, 413, 1095]

640 574
[50, 94, 268, 1147]

641 666
[84, 1215, 230, 86]

642 314
[373, 322, 531, 36]

643 460
[84, 1108, 201, 50]

644 162
[422, 91, 568, 30]

645 682
[525, 110, 886, 63]

646 982
[105, 209, 1356, 240]

647 633
[59, 1211, 219, 110]

648 3475
[134, 1051, 160, 50]

649 517
[50, 119, 1233, 93]

650 363
[49, 1066, 197, 38]

651 636
[49, 141, 1334, 65]

652 544
[55, 1179, 200, 90]

653 689
[61, 395, 145, 1052]

654 732
[52, 117, 1383, 161]

655 746
[509, 159, 730, 301]

656 4023
[1199, 319, 259, 66]

657 3670
[842, 99, 527, 52]

658 639
[924, 138, 456, 51]

659 821
[1402, 87, 200, 31]

660 412
[71, 67, 1219, 41]

661 601
[493, 802, 171, 40]

662 740
[110, 1357, 180, 45]

663 737
[161, 77, 206, 1212]

664 725
[656, 160, 165, 625]

665 868
[747, 835, 110, 49]

666 913
[706, 144, 184, 750]

667 3743
[575, 820, 156, 51]

668 590
[623, 61, 782, 46]

669 3773
[607, 780, 209, 41]

670 685
[189, 132, 1275, 47]

671 698
[1316, 121, 137, 34]

672 3561
[1215, 128, 63, 37]

673 664
[139, 93, 1341, 59]

674 3599
[576, 664, 204, 39]

675 718
[633, 105, 107, 783]

676 3735
[536, 787, 192, 69]

677 552
[462, 817, 187, 31]

678 1085
[751, 901, 220, 65]

679 691
[522, 227, 170, 708]

680 3583
[546, 746, 126, 40]

681 515
[567, 772, 81, 32]

682 3699
[417, 166, 166, 808]

683 642
[485, 881, 91, 102]

684 800
[621, 757, 259, 69]

685 866
[402, 210, 248, 886]

686 3774
[619, 770, 199, 52]

687 896
[680, 553, 475, 62]

688 1030
[46, 174, 1711, 55]

689 918
[89, 1244, 482, 55]

690 813
[509, 607, 535, 38]

691 742
[692, 76, 848, 30]

692 703
[658, 722, 225, 33]

693 882
[1358, 56, 283, 58]

694 3815
[656, 839, 126, 49]

695 751
[1290, 101, 217, 53]

696 430
[1070, 104, 167, 25]

697 3868
[1354, 98, 233, 28]

698 3842
[632, 904, 85, 34]

699 3311
[385, 45, 44, 726]

700 585
[1235, 115, 109, 45]

701 3703
[605, 141, 44, 763]

702 718
[654, 709, 181, 44]

703 618
[280, 106, 121, 1038]

704 788
[594, 401, 611, 68]

705 500
[53, 72, 219, 1120]

706 708
[539, 339, 682, 44]

707 237
[142, 67, 832, 182]

708 426
[566, 636, 127, 30]

709 3803
[637, 814, 161, 50]

710 805
[283, 106, 181, 1171]

711 288
[371, 772, 84, 24]

712 753
[240, 359, 1007, 65]

713 660
[45, 101, 165, 1324]

714 595
[39, 375, 173, 948]

715 300
[34, 831, 386, 36]

716 247
[30, 418, 763, 25]

717 253
[15, 662, 538, 33]

718 383
[35, 611, 692, 41]

719 474
[42, 592, 774, 49]

720 501
[29, 212, 810, 439]

721 618
[66, 60, 819, 653]

722 673
[74, 712, 744, 121]

723 743
[39, 121, 242, 1276]

724 790
[30, 838, 188, 691]

725 399
[34, 1161, 156, 46]

726 644
[27, 1209, 324, 66]

727 714
[37, 809, 247, 594]

728 611
[26, 1013, 465, 70]

729 470
[22, 1081, 270, 79]

730 317
[22, 1055, 174, 58]

731 301
[22, 743, 190, 338]

732 651
[31, 449, 271, 876]

733 497
[34, 1231, 156, 54]

734 670
[34, 473, 251, 885]

735 650
[32, 1371, 128, 95]

736 558
[33, 526, 249, 732]

737 617
[26, 761, 161, 634]

738 675
[40, 943, 577, 81]

739 528
[31, 544, 857, 80]

740 681
[416, 484, 645, 65]

741 680
[36, 1229, 326, 67]

742 683
[31, 998, 532, 101]

743 674
[29, 764, 788, 64]

744 688
[34, 1016, 541, 69]

745 490
[25, 365, 1056, 35]

746 433
[62, 280, 1033, 23]

747 590
[72, 355, 1123, 24]

748 711
[90, 234, 1332, 32]

749 287
[113, 1021, 83, 28]

750 296
[38, 596, 559, 96]

751 530
[29, 895, 404, 195]

752 242
[41, 707, 201, 267]

753 287
[21, 1061, 175, 29]

754 430
[37, 468, 174, 733]

755 3636
[201, 313, 63, 925]

756 436
[97, 1085, 184, 46]

757 508
[37, 572, 196, 689]

758 725
[60, 158, 143, 1308]

759 493
[39, 1139, 230, 64]

760 790
[52, 1322, 274, 90]

761 648
[54, 90, 112, 1345]

762 796
[300, 101, 1019, 283]

763 653
[361, 354, 624, 248]

764 682
[157, 157, 1081, 250]

765 3596
[592, 109, 119, 655]

766 3896
[364, 1145, 179, 69]

767 639
[309, 161, 837, 251]

768 628
[688, 258, 128, 452]

769 458
[503, 626, 236, 25]

770 450
[445, 812, 124, 22]

771 505
[554, 306, 106, 486]

772 551
[562, 719, 172, 35]

773 928
[774, 767, 198, 53]

774 3598
[352, 67, 317, 745]

775 551
[130, 57, 1150, 173]

776 501
[89, 43, 1317, 32]

777 1026
[233, 95, 1341, 279]

778 890
[801, 762, 147, 44]

779 739
[739, 76, 182, 666]

780 618
[603, 77, 74, 744]

781 569
[498, 832, 119, 38]

782 3673
[653, 780, 61, 25]

783 458
[274, 36, 808, 299]

784 492
[327, 246, 802, 35]

785 648
[557, 788, 181, 45]

786 3336
[257, 29, 734, 206]

787 312
[420, 91, 64, 694]

788 777
[611, 92, 132, 850]

789 304
[438, 179, 125, 524]

790 573
[532, 83, 109, 752]

791 282
[155, 43, 857, 209]

792 517
[613, 96, 114, 639]

793 3724
[197, 45, 140, 1222]

794 3721
[206, 71, 132, 1214]

795 919
[746, 845, 140, 75]

796 636
[134, 1241, 171, 28]

797 691
[74, 1235, 280, 84]

798 434
[37, 1213, 121, 50]

799 145
[32, 254, 205, 652]

800 490
[28, 421, 811, 223]

801 584
[164, 49, 1109, 236]

802 686
[595, 861, 92, 49]

803 472
[131, 684, 579, 34]

804 207
[43, 888, 225, 44]

805 668
[118, 1219, 222, 47]

806 426
[59, 990, 333, 40]

807 510
[41, 1158, 220, 25]

808 712
[65, 1184, 396, 49]

809 587
[40, 1271, 214, 53]

810 283
[31, 1122, 78, 46]

811 615
[45, 87, 163, 1268]

812 653
[21, 299, 95, 1220]

813 418
[50, 1114, 203, 35]

814 262
[39, 1029, 167, 18]

815 447
[22, 66, 115, 1235]

816 257
[31, 1032, 151, 35]

817 337
[21, 1034, 212, 44]

818 374
[25, 510, 779, 51]

819 371
[29, 559, 722, 53]

820 281
[34, 795, 400, 47]

821 733
[38, 82, 1453, 146]

822 304
[1035, 82, 126, 23]

823 164
[34, 19, 1094, 16]

824 560
[594, 24, 855, 18]

825 494
[649, 64, 684, 32]

826 527
[23, 1154, 289, 15]

827 -246
[21, 19, 84, 628]

828 794
[196, 754, 315, 497]

829 380
[107, 30, 318, 917]

830 392
[64, 280, 76, 946]

831 260
[32, 1099, 97, 25]

832 841
[74, 455, 32, 1242]

833 140
[34, 1014, 37, 49]

834 589
[1225, 213, 37, 55]

835 3821
[637, 926, 52, 46]

836 703
[1186, 282, 50, 60]

837 570
[84, 1271, 135, 56]

838 3280
[1056, 62, 29, 15]

839 541
[45, 52, 61, 1366]

840 586
[91, 115, 118, 1218]

841 3619
[1270, 116, 72, 35]

842 451
[49, 27, 1331, 35]

843 302
[36, 24, 1212, 20]

844 780
[536, 836, 267, 31]

845 594
[106, 121, 1257, 52]

846 621
[485, 564, 479, 23]

847 3094
[894, 70, 14, 10]

848 462
[1242, 59, 87, 12]

849 3500
[528, 716, 102, 22]

850 289
[1050, 101, 89, 13]

851 319
[25, 52, 19, 1208]

852 964
[147, 1703, 16, 31]

853 211
[17, 74, 11, 1097]

854 836
[1477, 152, 59, 36]

855 712
[36, 56, 1263, 333]

856 864
[682, 148, 106, 782]

857 3666
[508, 918, 71, 16]

858 546
[570, 197, 552, 147]

859 584
[466, 124, 88, 825]

860 560
[1191, 84, 201, 12]

861 873
[1451, 137, 138, 21]

862 3882
[646, 190, 864, 58]

863 726
[428, 122, 126, 959]

864 531
[495, 194, 105, 670]

865 3832
[602, 890, 166, 27]

866 3704
[1399, 71, 86, 16]

867 84
[862, 113, 67, 14]

868 778
[648, 890, 82, 18]

869 3985
[1402, 182, 226, 22]

870 547
[501, 169, 45, 768]

871 595
[528, 97, 846, 62]

872 4045
[1209, 342, 258, 55]

873 527
[426, 163, 69, 807]

874 3709
[611, 840, 111, 19]

875 3492
[1253, 51, 58, 20]

876 3671
[1255, 167, 92, 19]

877 3764
[642, 837, 129, 13]

878 899
[631, 384, 757, 11]

879 3577
[529, 179, 56, 693]

880 3901
[732, 784, 212, 28]

881 914
[1426, 226, 80, 21]

882 1000
[638, 234, 171, 773]

883 940
[643, 223, 188, 742]

884 1159
[727, 1024, 205, 28]

885 1229
[703, 549, 153, 631]

886 2893
[174, 38, 18, 566]

887 3880
[759, 265, 67, 622]

888 4293
[669, 588, 783, 34]

889 895
[490, 898, 365, 34]

890 806
[614, 960, 91, 21]

891 3391
[491, 710, 53, 17]

892 3675
[615, 859, 59, 16]

893 3986
[541, 451, 799, 15]

894 1169
[657, 540, 797, 23]

895 1005
[652, 451, 737, 28]

896 3914
[710, 504, 499, 24]

897 3528
[531, 825, 17, 15]

898 3998
[635, 421, 742, 17]

899 4217
[747, 549, 695, 23]

900 3565
[1206, 140, 64, 10]

901 978
[1412, 274, 120, 23]

902 3714
[638, 385, 537, 17]

903 4401
[712, 463, 983, 34]

904 876
[1327, 279, 155, 22]

905 848
[722, 204, 811, 20]

906 3678
[777, 394, 336, 13]

907 3657
[1322, 92, 69, 21]

908 765
[1298, 226, 85, 17]

909 987
[1397, 317, 118, 14]

910 495
[487, 847, 91, 15]

911 1204
[651, 632, 717, 16]

912 3678
[559, 363, 600, 10]

913 873
[682, 318, 753, 21]

914 3401
[436, 131, 695, 16]

915 3975
[13, 1708, 89, 15]

916 521
[9, 1261, 199, 20]

917 1009
[19, 772, 1069, 23]

918 667
[19, 599, 971, 19]

919 913
[17, 1341, 461, 20]

920 860
[274, 255, 1198, 17]

921 865
[493, 1107, 144, 17]

922 3825
[727, 285, 618, 21]

923 3623
[613, 235, 602, 28]

924 3817
[891, 534, 242, 8]

925 3751
[1357, 136, 92, 9]

926 3602
[1256, 110, 100, 11]

927 3802
[1286, 238, 102, 12]

928 1480
[1479, 447, 323, 26]

929 3688
[516, 279, 736, 10]

930 3955
[753, 302, 711, 12]

931 1296
[748, 1152, 191, 21]

932 4009
[736, 989, 72, 20]

933 837
[659, 258, 64, 721]

934 738
[671, 298, 64, 566]

935 3851
[732, 158, 762, 26]

936 1076
[812, 241, 815, 49]

937 3457
[524, 43, 46, 732]

938 1088
[767, 332, 568, 278]

939 1012
[578, 199, 828, 281]

940 776
[597, 179, 676, 214]

941 3692
[407, 49, 896, 214]

942 3827
[523, 111, 832, 220]

943 755
[1323, 161, 134, 14]

944 762
[825, 211, 617, 15]

945 4188
[600, 289, 1103, 19]

946 3989
[680, 725, 410, 17]

947 3749
[198, 294, 1155, 12]

948 1096
[219, 446, 1319, 15]

949 3796
[103, 108, 1277, 194]

950 4241
[160, 247, 1494, 184]

951 4195
[13, 246, 1782, 14]

952 903
[12, 141, 1653, 17]

953 233
[14, 39, 1158, 10]

954 910
[17, 121, 1533, 189]

955 872
[37, 128, 1427, 239]

956 890
[203, 116, 1174, 351]

957 3677
[663, 77, 67, 721]

958 763
[589, 330, 192, 519]

959 888
[638, 867, 257, 18]

960 460
[488, 835, 55, 12]

961 627
[20, 680, 271, 622]

962 856
[575, 636, 269, 286]

963 4080
[258, 825, 843, 16]

964 837
[38, 244, 1102, 390]

965 3709
[440, 95, 681, 371]

966 826
[696, 786, 219, 11]

967 567
[515, 211, 218, 531]

968 897
[550, 795, 431, 15]

969 884
[429, 96, 1251, 13]

970 3760
[332, 90, 668, 561]

971 517
[12, 30, 1448, 11]

972 558
[14, 84, 1254, 184]

973 594
[17, 57, 1300, 201]

974 820
[184, 78, 568, 912]

975 3366
[413, 44, 107, 682]

976 501
[8, 87, 120, 1270]

977 628
[9, 88, 266, 1242]

978 811
[714, 55, 157, 743]

979 787
[598, 71, 187, 797]

980 970
[1342, 112, 368, 17]

981 1216
[794, 370, 492, 382]

982 3869
[614, 440, 508, 146]

983 3776
[199, 337, 941, 197]

984 519
[14, 56, 1417, 20]

985 507
[18, 51, 1397, 11]

986 677
[9, 65, 1551, 9]

987 328
[4, 44, 1271, 6]

988 4107
[154, 688, 1111, 18]

989 3875
[105, 825, 821, 14]

990 963
[228, 314, 1165, 168]

991 3769
[365, 115, 985, 187]

992 644
[227, 74, 1008, 276]

993 3881
[577, 832, 105, 213]

994 927
[507, 266, 306, 718]

995 1095
[792, 240, 249, 643]

996 501
[461, 652, 296, 10]

997 3632
[518, 93, 724, 165]

998 3686
[344, 239, 697, 271]

999 1032
[1319, 122, 431, 9]

1000 3646
[1371, 56, 88, 10]

1001 4147
[1509, 145, 313, 12]

1002 3637
[1229, 89, 166, 13]

1003 3503
[303, 33, 780, 268]

1004 1004
[406, 169, 909, 409]

1005 999
[265, 145, 1213, 263]

1006 915
[662, 92, 209, 803]

1007 3645
[562, 163, 113, 683]

1008 3786
[731, 223, 84, 605]

1009 569
[1215, 117, 166, 3]

1010 880
[1335, 103, 327, 23]

1011 3377
[1204, 31, 15, 6]

1012 890
[1448, 164, 150, 13]

1013 3778
[1455, 81, 73, 9]

1014 3761
[671, 154, 105, 676]

1015 987
[1435, 162, 247, 15]

1016 1160
[1529, 135, 351, 12]

1017 1025
[789, 120, 366, 613]

1018 824
[591, 109, 215, 825]

1019 3734
[803, 155, 131, 490]

1020 933
[706, 198, 226, 652]

1021 3575
[603, 261, 44, 528]

1022 1108
[1400, 176, 388, 22]

1023 759
[1283, 101, 239, 7]

1024 832
[664, 849, 200, 15]

1025 3927
[886, 256, 78, 525]

1026 3620
[527, 108, 55, 792]

1027 1120
[762, 600, 343, 240]

1028 3815
[811, 323, 112, 397]

1029 622
[216, 111, 1048, 191]

1030 3789
[184, 150, 1178, 174]

1031 3905
[777, 819, 119, 13]

1032 3591
[624, 753, 69, 5]

1033 3851
[724, 305, 118, 554]

1034 4080
[616, 767, 330, 188]

1035 1134
[766, 220, 269, 758]

1036 3798
[642, 851, 183, 8]

1037 996
[772, 565, 522, 19]

1038 871
[518, 865, 363, 16]

1039 1021
[617, 468, 571, 254]

1040 869
[737, 227, 150, 622]

1041 3770
[665, 118, 142, 705]

1042 3260
[398, 30, 7, 715]

1043 641
[625, 818, 97, 13]

1044 945
[531, 258, 304, 766]

1045 3929
[693, 315, 169, 615]

1046 584
[498, 790, 208, 11]

1047 3629
[625, 220, 49, 587]

1048 3686
[534, 399, 98, 505]

1049 1018
[656, 925, 306, 13]

1050 3890
[1394, 96, 232, 12]

1051 3542
[521, 754, 149, 5]

1052 4137
[872, 855, 205, 13]

1053 944
[751, 867, 194, 12]

1054 892
[803, 808, 124, 5]

1055 3884
[646, 451, 141, 497]

1056 944
[544, 429, 387, 457]

1057 3977
[630, 318, 192, 646]

1058 746
[627, 883, 89, 16]

1059 780
[618, 795, 242, 11]

1060 893
[595, 444, 307, 416]

1061 3658
[619, 194, 107, 587]

1062 3717
[647, 258, 143, 522]

1063 1090
[805, 371, 749, 8]

1064 874
[678, 335, 756, 6]

1065 913
[832, 819, 106, 14]

1066 3690
[654, 717, 163, 10]

1067 3944
[607, 901, 269, 13]

1068 3684
[670, 712, 145, 9]

1069 661
[532, 814, 223, 12]

1070 4020
[631, 889, 324, 14]

1071 562
[501, 412, 112, 444]

1072 3720
[670, 736, 166, 14]

1073 3464
[435, 828, 92, 5]

1074 4014
[696, 937, 192, 5]

1075 697
[504, 834, 246, 8]

1076 4187
[696, 677, 373, 257]

1077 3406
[89, 1088, 137, 6]

1078 974
[14, 1394, 480, 12]

1079 4329
[18, 1521, 616, 14]

1080 3002
[185, 524, 16, 176]

1081 832
[1362, 163, 177, 11]

1082 624
[474, 911, 167, 9]

1083 3548
[564, 801, 35, 8]

1084 3553
[1266, 79, 63, 7]

1085 4056
[1371, 191, 298, 11]

1086 3594
[577, 766, 117, 10]

1087 1162
[812, 946, 250, 9]

1088 3602
[501, 234, 81, 650]

1089 680
[533, 518, 67, 458]

1090 3772
[572, 910, 122, 8]

1091 3548
[569, 79, 22, 762]

1092 3791
[651, 396, 70, 516]

1093 3869
[629, 928, 157, 2]

1094 3668
[512, 927, 76, 5]

1095 4131
[709, 481, 127, 631]

1096 3965
[701, 416, 144, 543]

1097 3740
[591, 403, 75, 513]

1098 3944
[781, 629, 183, 171]

1099 3600
[645, 739, 66, 10]

1100 3567
[530, 855, 44, 1]

1101 1170
[832, 969, 188, 13]

1102 4451
[729, 471, 304, 732]

1103 990
[113, 350, 1111, 306]

1104 3721
[204, 1135, 120, 149]

1105 4149
[250, 303, 1245, 205]

1106 786
[77, 146, 1474, 11]

1107 3735
[144, 618, 660, 219]

1108 3495
[208, 197, 661, 342]

1109 737
[7, 1560, 115, 11]

1110 1022
[11, 1793, 85, 13]

1111 1191
[11, 1931, 97, 15]

1112 882
[5, 1249, 537, 11]

1113 994
[15, 487, 1274, 150]

1114 1175
[167, 568, 494, 801]

1115 1005
[547, 1036, 260, 26]

1116 1079
[686, 1092, 140, 5]

1117 1060
[379, 451, 1106, 7]

1118 3756
[217, 153, 1010, 243]

1119 3624
[523, 177, 470, 324]

1120 3708
[508, 436, 614, 6]

1121 3698
[381, 613, 585, 6]

1122 1087
[227, 320, 1265, 144]

1123 695
[68, 167, 1265, 154]

1124 1057
[260, 229, 760, 672]

1125 3704
[437, 564, 419, 139]

1126 3548
[213, 14, 974, 233]

1127 699
[110, 108, 1020, 419]

1128 646
[161, 165, 515, 726]

1129 3901
[627, 478, 274, 363]

1130 3932
[622, 656, 312, 172]

1131 1156
[550, 406, 706, 360]

1132 3907
[687, 182, 346, 527]

1133 3616
[528, 443, 157, 366]

1134 880
[528, 577, 682, 7]

1135 3404
[151, 97, 1040, 6]

1136 3812
[275, 281, 1105, 7]

1137 1164
[160, 436, 1434, 6]

1138 3820
[175, 352, 1166, 9]

1139 164
[108, 340, 688, 3]

1140 778
[164, 441, 1077, 13]

1141 727
[143, 335, 1197, 5]

1142 1194
[184, 430, 1432, 13]

1143 787
[110, 334, 1217, 12]

1144 786
[107, 267, 1350, 7]

1145 4082
[191, 451, 1275, 9]

1146 770
[28, 128, 1568, 7]

1147 560
[61, 102, 1364, 4]

1148 3498
[69, 50, 1288, 9]

1149 352
[8, 93, 1231, 7]

1150 748
[12, 90, 1615, 5]

1151 656
[8, 78, 1541, 6]

1152 624
[11, 76, 1336, 158]

1153 802
[35, 272, 1355, 76]

1154 956
[99, 360, 1286, 139]

1155 961
[80, 325, 249, 1212]

1156 929
[61, 354, 350, 1088]

1157 909
[239, 513, 259, 799]

1158 3939
[527, 936, 270, 54]

1159 4130
[743, 968, 216, 8]

1160 4049
[702, 964, 199, 16]

1161 3695
[606, 486, 152, 306]

1162 3498
[521, 252, 137, 470]

1163 814
[344, 113, 681, 566]

1164 545
[2, 100, 1417, 7]

1165 642
[79, 76, 1424, 3]

1166 1033
[341, 180, 1228, 166]

1167 3813
[317, 124, 117, 1100]

1168 3746
[493, 64, 47, 972]

1169 1072
[438, 706, 767, 27]

1170 3640
[475, 739, 279, 8]

1171 1056
[649, 983, 287, 7]

1172 651
[546, 852, 166, 4]

1173 3641
[1117, 247, 153, 3]

1174 1214
[701, 881, 464, 9]

1175 1141
[741, 918, 332, 10]

1176 3947
[876, 781, 125, 4]

1177 4079
[790, 866, 242, 4]

1178 874
[493, 1008, 260, 5]

1179 3796
[776, 712, 135, 6]

1180 508
[556, 277, 617, 5]

1181 625
[535, 329, 671, 5]

1182 1023
[675, 245, 280, 673]

1183 3807
[799, 342, 516, 5]

1184 3746
[614, 430, 570, 4]

1185 449
[465, 33, 879, 6]

1186 3673
[1133, 16, 392, 6]

1187 328
[590, 20, 653, 5]

1188 3583
[1372, 44, 40, 3]

1189 3752
[1331, 113, 165, 8]

1190 924
[1510, 100, 175, 7]

1191 1006
[728, 870, 254, 15]

1192 680
[527, 969, 96, 3]

1193 3666
[658, 813, 46, 5]

1194 1023
[655, 612, 625, 8]

1195 645
[439, 157, 977, 5]

1196 3421
[364, 61, 866, 6]

1197 3942
[591, 107, 1086, 6]

1198 614
[493, 89, 966, 7]

1199 710
[4, 105, 1566, 3]

1200 3597
[368, 82, 1061, 3]

1201 881
[572, 104, 1053, 8]

1202 1049
[616, 178, 1135, 7]

1203 1077
[668, 970, 304, 7]

1204 3228
[441, 23, 640, 6]

1205 3551
[545, 124, 737, 5]

1206 718
[604, 278, 719, 3]

1207 3743
[437, 172, 981, 4]

1208 3706
[619, 449, 485, 4]

1209 508
[450, 931, 46, 3]

1210 3841
[1226, 306, 171, 7]

1211 638
[653, 222, 650, 6]

1212 3719
[677, 85, 821, 8]

1213 617
[606, 133, 797, 7]

1214 1033
[692, 964, 226, 6]

1215 3632
[619, 824, 55, 9]

1216 3422
[431, 172, 691, 7]

1217 2964
[237, 4, 618, 6]

1218 555
[407, 73, 1006, 7]

1219 862
[594, 882, 243, 5]

1220 638
[603, 773, 188, 3]

1221 660
[583, 714, 269, 7]

1222 931
[601, 779, 420, 10]

1223 898
[612, 850, 289, 2]

1224 879
[710, 801, 257, 9]

1225 905
[736, 795, 238, 5]

1226 4029
[679, 746, 435, 6]

1227 731
[1318, 158, 161, 4]

1228 3594
[1341, 37, 91, 5]

1229 3597
[1259, 100, 95, 6]

1230 3694
[1429, 68, 43, 8]

1231 629
[1248, 88, 208, 7]

1232 619
[639, 717, 175, 4]

1233 1233
[544, 1075, 442, 3]

1234 3863
[593, 741, 367, 7]

1235 864
[786, 742, 222, 2]

1236 724
[289, 315, 1047, 6]

1237 642
[695, 776, 92, 2]

1238 732
[595, 791, 248, 4]

1239 3799
[757, 760, 140, 3]

1240 651
[599, 706, 226, 1]

1241 3602
[616, 829, 28, 7]

1242 4016
[770, 855, 213, 12]

1243 542
[494, 796, 149, 1]

1244 684
[1257, 97, 218, 9]

1245 439
[1131, 125, 124, 4]

1246 580
[509, 820, 184, 6]

1247 3478
[443, 854, 47, 4]

1248 3583
[571, 794, 71, 2]

1249 3831
[1305, 183, 191, 5]

