0 652
[828, 305, 242, 287]

1 697
[832, 333, 269, 268]

2 486
[635, 325, 258, 278]

3 527
[760, 294, 238, 245]

4 361
[534, 325, 270, 242]

5 350
[634, 283, 227, 216]

6 5
[374, 241, 197, 203]

7 -127
[394, 161, 159, 169]

8 239
[659, 198, 192, 200]

9 569
[756, 285, 271, 267]

10 443
[662, 320, 251, 220]

11 387
[561, 279, 295, 262]

12 181
[523, 235, 209, 224]

13 290
[538, 247, 245, 270]

14 492
[645, 308, 283, 266]

15 418
[599, 285, 278, 266]

16 363
[582, 253, 284, 254]

17 322
[600, 245, 238, 249]

18 94
[513, 201, 172, 218]

19 567
[680, 333, 276, 288]

20 473
[666, 288, 249, 280]

21 353
[639, 289, 212, 223]

22 482
[703, 287, 224, 278]

23 82
[476, 203, 196, 217]

24 400
[686, 259, 228, 237]

25 376
[605, 277, 262, 242]

26 434
[559, 320, 270, 305]

27 177
[528, 256, 190, 213]

28 460
[750, 270, 221, 229]

29 210
[533, 270, 196, 221]

30 337
[512, 279, 260, 296]

31 407
[722, 236, 236, 223]

32 432
[720, 250, 217, 255]

33 68
[432, 231, 199, 216]

34 326
[635, 249, 224, 228]

35 308
[601, 266, 207, 244]

36 603
[505, 398, 337, 373]

37 496
[700, 303, 247, 256]

38 455
[624, 294, 280, 267]

39 521
[785, 311, 198, 237]

40 531
[697, 294, 272, 278]

41 529
[781, 287, 233, 238]

42 373
[569, 277, 264, 273]

43 408
[544, 323, 265, 286]

44 3660
[750, 340, 271, 269]

45 536
[679, 326, 273, 268]

46 121
[555, 202, 188, 186]

47 446
[680, 244, 258, 274]

48 511
[571, 325, 298, 327]

49 270
[552, 258, 218, 252]

50 3612
[890, 281, 204, 237]

51 581
[825, 267, 251, 248]

52 476
[757, 249, 247, 233]

53 695
[927, 307, 225, 246]

54 -180
[322, 176, 166, 166]

55 514
[743, 281, 231, 269]

56 294
[584, 273, 233, 214]

57 -207
[324, 151, 163, 165]

58 961
[873, 388, 361, 349]

59 -12
[412, 188, 187, 211]

60 650
[770, 332, 282, 276]

61 743
[824, 352, 290, 287]

62 546
[728, 320, 254, 254]

63 376
[616, 272, 242, 256]

64 -98
[304, 218, 190, 200]

65 3536
[727, 288, 246, 270]

66 460
[673, 304, 233, 270]

67 765
[760, 346, 298, 371]

68 613
[640, 376, 322, 285]

69 348
[577, 239, 242, 300]

70 442
[675, 298, 246, 233]

71 609
[788, 283, 251, 297]

72 437
[749, 234, 246, 218]

73 690
[789, 309, 264, 338]

74 689
[743, 362, 322, 272]

75 200
[564, 230, 215, 201]

76 302
[552, 266, 245, 249]

77 403
[660, 258, 261, 234]

78 305
[549, 261, 277, 228]

79 334
[501, 280, 276, 287]

80 154
[512, 259, 187, 206]

81 340
[627, 239, 241, 243]

82 333
[523, 312, 270, 238]

83 -58
[373, 175, 200, 204]

84 3795
[907, 303, 270, 295]

85 492
[699, 279, 283, 241]

86 -24
[402, 229, 161, 194]

87 471
[748, 268, 237, 228]

88 231
[530, 262, 219, 230]

89 238
[572, 243, 196, 237]

90 388
[582, 302, 255, 259]

91 338
[618, 252, 247, 231]

92 64
[482, 205, 171, 216]

93 72
[428, 248, 194, 212]

94 214
[534, 238, 220, 227]

95 400
[741, 249, 199, 221]

96 -88
[377, 174, 174, 197]

97 816
[895, 344, 293, 294]

98 550
[634, 331, 282, 313]

99 655
[853, 289, 246, 277]

100 410
[717, 256, 231, 216]

101 487
[677, 320, 256, 244]

102 -95
[375, 209, 170, 161]

103 560
[862, 276, 203, 229]

104 3743
[777, 395, 296, 255]

105 514
[686, 296, 293, 249]

106 434
[729, 253, 203, 259]

107 396
[671, 299, 222, 214]

108 573
[822, 310, 244, 207]

109 462
[739, 273, 243, 217]

110 441
[575, 326, 291, 259]

111 283
[595, 231, 218, 254]

112 3728
[971, 285, 214, 238]

113 483
[700, 281, 232, 280]

114 244
[467, 249, 275, 263]

115 503
[637, 293, 269, 314]

116 -151
[318, 195, 171, 175]

117 207
[574, 245, 169, 229]

118 526
[692, 264, 277, 303]

119 650
[916, 271, 238, 235]

120 -64
[349, 232, 180, 185]

121 407
[630, 266, 244, 277]

122 546
[612, 328, 319, 297]

123 263
[565, 265, 207, 236]

124 634
[713, 338, 270, 323]

125 367
[664, 255, 245, 213]

126 330
[634, 241, 223, 242]

127 485
[671, 293, 252, 279]

128 445
[698, 292, 237, 228]

129 508
[637, 303, 285, 293]

130 703
[813, 327, 282, 291]

131 511
[589, 399, 269, 264]

132 507
[754, 289, 233, 241]

133 335
[621, 286, 224, 214]

134 41
[416, 250, 189, 196]

135 -46
[415, 194, 191, 164]

136 732
[914, 296, 256, 276]

137 685
[810, 341, 258, 286]

138 322
[519, 277, 251, 285]

139 537
[697, 314, 274, 262]

140 235
[529, 255, 228, 233]

141 752
[812, 369, 277, 304]

142 525
[679, 299, 273, 284]

143 74
[468, 217, 195, 204]

144 464
[782, 221, 241, 230]

145 512
[579, 355, 282, 306]

146 217
[512, 255, 224, 236]

147 521
[759, 281, 248, 243]

148 396
[564, 309, 287, 246]

149 130
[442, 268, 233, 197]

150 400
[714, 256, 216, 224]

151 558
[690, 296, 288, 294]

152 546
[794, 308, 231, 233]

153 633
[764, 307, 295, 277]

154 305
[593, 278, 224, 220]

155 489
[645, 285, 323, 246]

156 462
[635, 295, 274, 268]

157 249
[553, 257, 221, 228]

158 526
[685, 287, 289, 275]

159 114
[493, 218, 200, 213]

160 216
[532, 255, 223, 216]

161 589
[697, 319, 286, 297]

162 615
[864, 257, 220, 284]

163 3383
[663, 246, 214, 240]

164 730
[743, 378, 322, 297]

165 449
[653, 289, 255, 262]

166 566
[752, 262, 284, 278]

167 714
[903, 278, 217, 326]

168 486
[574, 375, 280, 267]

169 548
[746, 300, 256, 256]

170 392
[578, 262, 290, 272]

171 315
[563, 273, 242, 247]

172 52
[453, 213, 205, 191]

173 724
[788, 312, 345, 289]

174 720
[865, 327, 273, 275]

175 40
[452, 187, 202, 209]

176 3481
[665, 301, 236, 254]

177 635
[760, 312, 268, 305]

178 244
[505, 268, 233, 248]

179 257
[556, 240, 220, 251]

180 485
[637, 312, 254, 292]

181 474
[756, 274, 216, 238]

182 418
[732, 266, 199, 231]

183 313
[523, 278, 286, 236]

184 216
[520, 226, 271, 209]

185 455
[715, 313, 206, 226]

186 408
[609, 280, 274, 255]

187 417
[634, 314, 232, 247]

188 595
[727, 345, 253, 280]

189 320
[529, 292, 254, 255]

190 488
[666, 334, 233, 265]

191 551
[571, 358, 331, 301]

192 657
[810, 311, 262, 284]

193 100
[411, 264, 224, 211]

194 398
[679, 237, 248, 244]

195 640
[853, 272, 249, 276]

196 463
[621, 287, 290, 275]

197 704
[687, 337, 363, 327]

198 540
[784, 287, 226, 253]

199 328
[516, 271, 282, 269]

200 564
[737, 336, 241, 260]

201 3553
[745, 305, 238, 245]

202 748
[804, 339, 309, 306]

203 262
[557, 269, 235, 211]

204 3676
[839, 302, 240, 250]

205 503
[673, 319, 267, 254]

206 227
[595, 217, 207, 218]

207 480
[628, 339, 275, 248]

208 625
[825, 274, 245, 286]

209 518
[737, 307, 237, 247]

210 303
[522, 284, 243, 264]

211 798
[882, 317, 298, 321]

212 489
[674, 314, 272, 239]

213 793
[807, 347, 378, 271]

214 605
[829, 284, 253, 249]

215 623
[730, 338, 274, 291]

216 568
[725, 281, 287, 285]

217 338
[631, 266, 226, 225]

218 478
[741, 268, 225, 249]

219 634
[894, 282, 254, 214]

220 3708
[941, 300, 226, 221]

221 537
[668, 358, 266, 265]

222 665
[828, 335, 266, 246]

223 547
[695, 309, 256, 297]

224 613
[751, 331, 266, 275]

225 314
[564, 253, 253, 254]

226 341
[498, 303, 267, 283]

227 647
[839, 315, 279, 234]

228 386
[568, 305, 253, 270]

229 880
[672, 508, 375, 335]

230 177
[533, 221, 200, 233]

231 576
[715, 307, 287, 277]

232 524
[699, 328, 264, 243]

233 879
[991, 416, 233, 249]

234 580
[602, 410, 285, 293]

235 692
[838, 340, 263, 261]

236 526
[611, 357, 284, 284]

237 288
[540, 291, 239, 228]

238 210
[439, 284, 250, 247]

239 3541
[714, 273, 266, 268]

240 603
[804, 313, 271, 225]

241 227
[492, 282, 215, 248]

242 544
[765, 289, 264, 236]

243 565
[724, 307, 276, 268]

244 337
[547, 285, 244, 271]

245 700
[782, 302, 321, 300]

246 348
[483, 289, 306, 280]

247 622
[816, 292, 246, 278]

248 526
[754, 282, 234, 266]

249 648
[720, 328, 330, 280]

250 3582
[797, 255, 268, 242]

251 -218
[329, 182, 124, 157]

252 630
[800, 336, 260, 244]

253 707
[737, 431, 283, 266]

254 480
[697, 274, 285, 234]

255 558
[803, 254, 278, 243]

256 727
[820, 349, 308, 260]

257 512
[637, 384, 236, 265]

258 579
[636, 297, 407, 249]

259 828
[809, 389, 338, 302]

260 545
[691, 246, 370, 248]

261 -183
[320, 196, 153, 158]

262 52
[423, 240, 203, 196]

263 513
[770, 259, 262, 232]

264 481
[762, 259, 235, 235]

265 862
[835, 433, 261, 343]

266 524
[804, 279, 229, 222]

267 302
[579, 270, 230, 233]

268 508
[697, 316, 213, 292]

269 322
[592, 271, 228, 241]

270 626
[772, 355, 243, 266]

271 575
[644, 398, 277, 266]

272 521
[759, 338, 208, 226]

273 329
[641, 267, 193, 238]

274 611
[767, 307, 240, 302]

275 704
[782, 320, 300, 312]

276 474
[638, 252, 336, 258]

277 625
[812, 324, 255, 244]

278 641
[780, 369, 272, 230]

279 814
[911, 353, 257, 303]

280 734
[866, 372, 251, 255]

281 426
[655, 294, 236, 251]

282 349
[623, 303, 223, 210]

283 659
[726, 342, 279, 322]

284 958
[796, 443, 363, 366]

285 194
[548, 218, 223, 215]

286 297
[556, 304, 237, 210]

287 333
[643, 251, 232, 217]

288 660
[805, 332, 273, 260]

289 681
[718, 395, 294, 284]

290 589
[713, 346, 294, 241]

291 519
[709, 291, 243, 286]

292 387
[646, 291, 215, 245]

293 72
[449, 224, 181, 228]

294 1097
[1067, 442, 313, 285]

295 435
[747, 235, 235, 228]

296 440
[612, 282, 245, 311]

297 -8
[412, 198, 195, 197]

298 412
[616, 286, 214, 306]

299 602
[790, 291, 253, 278]

300 363
[574, 254, 271, 274]

301 546
[744, 320, 242, 250]

302 768
[778, 341, 349, 310]

303 632
[803, 342, 235, 262]

304 483
[768, 257, 200, 268]

305 264
[529, 243, 274, 228]

306 318
[604, 228, 205, 291]

307 424
[555, 304, 292, 283]

308 10
[419, 204, 174, 223]

309 156
[521, 229, 203, 213]

310 357
[588, 273, 230, 276]

311 -94
[345, 170, 177, 224]

312 569
[621, 304, 320, 334]

313 56
[454, 185, 221, 206]

314 139
[453, 238, 194, 264]

315 167
[494, 223, 216, 244]

316 205
[497, 256, 240, 222]

317 610
[756, 332, 241, 291]

318 20
[389, 235, 178, 228]

319 830
[937, 371, 254, 278]

320 676
[815, 302, 268, 301]

321 3580
[791, 264, 254, 271]

322 686
[824, 299, 256, 317]

323 308
[586, 272, 211, 249]

324 322
[647, 248, 223, 214]

325 507
[588, 364, 306, 259]

326 3859
[912, 387, 264, 276]

327 792
[657, 540, 299, 306]

328 456
[759, 244, 215, 248]

329 157
[501, 209, 226, 231]

330 620
[808, 294, 280, 248]

331 573
[857, 281, 222, 223]

332 415
[613, 354, 231, 227]

333 538
[657, 280, 295, 316]

334 850
[907, 412, 273, 268]

335 621
[681, 270, 391, 289]

336 192
[511, 246, 206, 239]

337 892
[929, 423, 265, 285]

338 409
[677, 302, 196, 244]

339 2831
[343, 156, 150, 162]

340 -296
[280, 163, 126, 145]

341 753
[824, 365, 247, 327]

342 511
[778, 271, 236, 236]

343 610
[686, 377, 293, 264]

344 456
[672, 310, 234, 250]

345 491
[692, 325, 266, 218]

346 441
[717, 256, 241, 237]

347 491
[810, 270, 221, 200]

348 3945
[835, 394, 380, 311]

349 785
[786, 343, 384, 282]

350 562
[701, 278, 298, 295]

351 429
[516, 354, 269, 300]

352 283
[550, 260, 228, 255]

353 402
[513, 270, 329, 300]

354 599
[638, 393, 276, 302]

355 795
[727, 472, 332, 274]

356 553
[594, 308, 358, 303]

357 463
[730, 255, 242, 246]

358 687
[776, 302, 324, 295]

359 758
[774, 432, 265, 297]

360 611
[695, 344, 325, 257]

361 921
[932, 363, 310, 326]

362 636
[759, 361, 264, 262]

363 620
[716, 282, 334, 298]

364 177
[517, 222, 270, 178]

365 565
[693, 342, 301, 239]

366 287
[555, 289, 246, 207]

367 114
[508, 208, 155, 253]

368 751
[712, 450, 303, 296]

369 605
[662, 326, 333, 289]

370 200
[528, 234, 189, 259]

371 384
[557, 299, 288, 250]

372 3709
[928, 281, 217, 283]

373 516
[687, 300, 234, 305]

374 3678
[884, 300, 207, 267]

375 606
[661, 255, 399, 301]

376 512
[720, 244, 290, 268]

377 -121
[376, 181, 157, 175]

378 397
[478, 312, 333, 294]

379 521
[721, 241, 303, 266]

380 116
[463, 246, 200, 217]

381 463
[705, 274, 232, 262]

382 548
[722, 345, 265, 226]

383 505
[707, 326, 235, 247]

384 575
[676, 348, 281, 280]

385 836
[782, 506, 271, 287]

386 399
[584, 300, 257, 268]

387 119
[457, 257, 188, 227]

388 259
[501, 274, 229, 265]

389 769
[751, 372, 315, 341]

390 531
[708, 295, 270, 268]

391 3639
[731, 351, 261, 276]

392 186
[534, 218, 197, 247]

393 452
[601, 297, 292, 272]

394 444
[651, 281, 252, 270]

395 761
[961, 355, 225, 230]

396 101
[468, 243, 189, 211]

397 631
[763, 287, 239, 352]

398 3727
[802, 377, 250, 258]

399 493
[766, 288, 217, 232]

400 553
[663, 373, 273, 254]

401 776
[878, 327, 272, 304]

402 229
[510, 273, 213, 243]

403 903
[952, 362, 278, 321]

404 3861
[918, 369, 293, 261]

405 801
[713, 416, 352, 330]

406 670
[851, 348, 244, 237]

407 403
[534, 290, 302, 287]

408 100
[380, 331, 191, 208]

409 763
[807, 361, 345, 260]

410 3664
[847, 291, 271, 235]

411 301
[521, 193, 354, 243]

412 439
[610, 349, 258, 232]

413 901
[872, 421, 338, 280]

414 601
[732, 316, 287, 276]

415 252
[539, 249, 260, 214]

416 311
[591, 243, 244, 243]

417 461
[621, 265, 281, 304]

418 488
[683, 297, 276, 242]

419 3600
[797, 290, 227, 286]

420 265
[517, 240, 245, 273]

421 239
[547, 236, 228, 238]

422 499
[737, 268, 279, 225]

423 339
[505, 332, 237, 270]

424 3618
[708, 356, 260, 294]

425 172
[533, 270, 186, 193]

426 342
[585, 305, 234, 228]

427 317
[535, 283, 252, 257]

428 625
[801, 333, 235, 261]

429 666
[654, 403, 319, 300]

430 592
[752, 384, 227, 239]

431 774
[836, 348, 279, 321]

432 636
[805, 293, 264, 284]

433 412
[610, 309, 275, 228]

434 663
[714, 263, 382, 314]

435 640
[671, 370, 332, 277]

436 510
[569, 369, 281, 301]

437 3904
[789, 414, 373, 323]

438 310
[585, 269, 218, 248]

439 909
[874, 416, 339, 290]

440 496
[637, 321, 322, 226]

441 581
[564, 404, 335, 288]

442 404
[658, 271, 256, 229]

443 3582
[643, 381, 289, 249]

444 3693
[883, 339, 225, 226]

445 660
[839, 321, 229, 281]

446 644
[546, 351, 433, 324]

447 603
[672, 394, 301, 246]

448 651
[692, 365, 297, 307]

449 56
[437, 212, 187, 230]

450 -26
[357, 228, 201, 198]

451 481
[646, 286, 286, 273]

452 -49
[318, 210, 225, 208]

453 665
[811, 285, 287, 292]

454 505
[604, 344, 264, 313]

455 881
[873, 445, 279, 294]

456 571
[698, 309, 286, 288]

457 657
[755, 347, 281, 284]

458 259
[537, 248, 223, 261]

459 634
[740, 370, 288, 246]

460 595
[741, 322, 269, 273]

461 911
[885, 461, 287, 288]

462 738
[662, 356, 387, 343]

463 345
[591, 223, 312, 229]

464 391
[569, 257, 278, 297]

465 473
[622, 264, 285, 312]

466 179
[449, 209, 279, 252]

467 531
[624, 322, 274, 321]

468 481
[673, 257, 234, 327]

469 670
[689, 315, 307, 374]

470 472
[567, 301, 317, 297]

471 452
[663, 301, 232, 266]

472 621
[656, 329, 315, 331]

473 730
[622, 387, 407, 324]

474 159
[483, 201, 273, 212]

475 967
[758, 520, 381, 318]

476 496
[616, 382, 258, 245]

477 139
[537, 235, 170, 207]

478 639
[784, 315, 266, 284]

479 320
[550, 296, 226, 253]

480 -85
[417, 191, 143, 174]

481 782
[885, 370, 262, 275]

482 3714
[843, 292, 287, 272]

483 3442
[623, 301, 269, 249]

484 566
[642, 313, 325, 296]

485 541
[715, 294, 288, 254]

486 147
[491, 251, 214, 201]

487 585
[860, 254, 237, 244]

488 3671
[738, 327, 292, 314]

489 716
[718, 383, 329, 296]

490 204
[520, 250, 225, 219]

491 3514
[789, 231, 228, 246]

492 -64
[403, 170, 199, 174]

493 3804
[1021, 294, 202, 257]

494 793
[923, 297, 292, 291]

495 473
[565, 311, 266, 341]

496 726
[803, 300, 271, 362]

497 618
[743, 345, 274, 266]

498 407
[618, 271, 319, 219]

499 804
[913, 301, 276, 324]

500 209
[474, 216, 325, 204]

501 313
[628, 266, 202, 222]

502 615
[763, 291, 284, 287]

503 2
[514, 169, 169, 160]

504 546
[628, 369, 312, 247]

505 703
[781, 346, 303, 283]

506 684
[749, 398, 264, 278]

507 601
[765, 270, 354, 222]

508 829
[747, 304, 504, 284]

509 3706
[795, 361, 271, 259]

510 320
[615, 246, 219, 250]

511 402
[646, 327, 216, 223]

512 678
[774, 364, 285, 265]

513 709
[778, 343, 314, 284]

514 191
[545, 234, 183, 239]

515 304
[681, 216, 183, 234]

516 153
[359, 328, 264, 212]

517 266
[549, 266, 234, 227]

518 167
[450, 255, 221, 251]

519 685
[860, 365, 241, 229]

520 420
[581, 325, 235, 289]

521 646
[768, 387, 243, 258]

522 136
[483, 291, 196, 176]

523 692
[691, 442, 331, 238]

524 324
[640, 297, 212, 185]

525 360
[544, 354, 228, 244]

526 3438
[522, 399, 283, 214]

527 502
[616, 438, 223, 235]

528 574
[776, 348, 225, 235]

529 496
[734, 296, 227, 239]

530 516
[671, 362, 247, 246]

531 782
[866, 349, 270, 307]

532 762
[839, 343, 330, 260]

533 3554
[747, 260, 294, 233]

534 173
[422, 296, 231, 234]

535 745
[785, 398, 321, 251]

536 336
[493, 308, 318, 227]

537 398
[587, 322, 246, 253]

538 807
[732, 403, 366, 316]

539 710
[637, 384, 339, 360]

540 368
[468, 268, 413, 229]

541 3685
[796, 308, 328, 253]

542 397
[491, 227, 450, 249]

543 543
[765, 257, 295, 231]

544 396
[433, 311, 399, 263]

545 468
[564, 324, 339, 251]

546 3175
[526, 227, 177, 225]

547 3103
[412, 222, 238, 206]

548 663
[708, 387, 338, 240]

549 574
[641, 381, 273, 289]

550 684
[553, 338, 520, 293]

551 690
[841, 289, 305, 265]

552 558
[593, 434, 252, 289]

553 280
[463, 354, 230, 243]

554 573
[639, 372, 323, 249]

555 3118
[457, 203, 193, 240]

556 654
[625, 406, 339, 294]

557 742
[801, 342, 301, 308]

558 416
[565, 331, 232, 298]

559 858
[874, 462, 257, 275]

560 987
[701, 588, 362, 346]

561 767
[822, 313, 285, 357]

562 732
[730, 329, 324, 359]

563 681
[808, 291, 261, 331]

564 434
[614, 297, 205, 328]

565 -192
[363, 151, 149, 155]

566 -118
[395, 176, 144, 177]

567 4121
[1006, 388, 355, 352]

568 3613
[725, 269, 293, 306]

569 -10
[448, 184, 183, 185]

570 614
[738, 313, 296, 277]

571 785
[634, 557, 315, 289]

572 750
[872, 338, 241, 309]

573 576
[824, 241, 252, 269]

574 465
[724, 232, 245, 274]

575 451
[698, 267, 226, 270]

576 3533
[680, 247, 343, 243]

577 482
[568, 268, 414, 242]

578 446
[658, 246, 300, 252]

579 236
[583, 174, 296, 193]

580 570
[562, 413, 314, 291]

581 3718
[614, 472, 335, 292]

582 528
[684, 273, 239, 342]

583 470
[490, 472, 247, 271]

584 835
[664, 338, 544, 299]

585 979
[752, 488, 427, 322]

586 828
[823, 318, 290, 407]

587 716
[759, 345, 250, 372]

588 483
[558, 276, 384, 275]

589 701
[882, 344, 285, 200]

590 142
[497, 211, 206, 238]

591 678
[704, 365, 317, 302]

592 516
[675, 353, 264, 234]

593 615
[587, 351, 342, 345]

594 625
[866, 287, 229, 253]

595 3580
[718, 335, 255, 252]

596 514
[768, 272, 239, 245]

597 580
[709, 344, 247, 310]

598 572
[845, 243, 220, 269]

599 645
[770, 288, 229, 368]

600 497
[733, 258, 206, 310]

601 228
[524, 251, 187, 276]

602 410
[655, 279, 204, 282]

603 964
[793, 458, 318, 405]

604 418
[651, 307, 192, 278]

605 767
[693, 366, 289, 429]

606 500
[742, 246, 242, 280]

607 89
[418, 264, 206, 211]

608 655
[748, 334, 328, 255]

609 543
[742, 316, 263, 232]

610 899
[663, 633, 326, 287]

611 448
[736, 238, 265, 219]

612 76
[434, 213, 210, 229]

613 255
[543, 248, 227, 247]

614 3461
[722, 303, 207, 209]

615 719
[674, 376, 336, 343]

616 322
[705, 224, 186, 217]

617 243
[578, 253, 185, 237]

618 24
[444, 204, 166, 220]

619 -60
[388, 212, 167, 183]

620 427
[590, 289, 284, 274]

621 611
[661, 298, 325, 337]

622 690
[822, 398, 233, 247]

623 545
[686, 379, 240, 250]

624 3365
[550, 331, 198, 266]

625 563
[681, 373, 263, 256]

626 3543
[694, 302, 239, 268]

627 769
[789, 395, 294, 301]

628 783
[642, 398, 442, 311]

629 766
[695, 515, 264, 302]

630 777
[845, 464, 257, 221]

631 -68
[391, 209, 164, 178]

632 154
[509, 206, 197, 252]

633 351
[540, 320, 270, 231]

634 689
[890, 387, 205, 217]

635 543
[628, 424, 252, 249]

636 847
[885, 491, 240, 236]

637 887
[842, 539, 241, 275]

638 3672
[804, 327, 241, 280]

639 721
[717, 355, 406, 253]

640 619
[799, 342, 255, 233]

641 767
[795, 452, 252, 278]

642 812
[648, 483, 375, 316]

643 3888
[868, 507, 247, 246]

644 630
[659, 365, 232, 384]

645 369
[401, 287, 434, 257]

646 1051
[950, 429, 363, 319]

647 875
[813, 448, 343, 281]

648 819
[704, 367, 496, 257]

649 736
[802, 311, 381, 252]

650 634
[740, 335, 267, 302]

651 905
[879, 411, 322, 303]

652 575
[713, 268, 301, 303]

653 3563
[757, 287, 230, 269]

654 671
[761, 282, 284, 354]

655 207
[495, 238, 246, 238]

656 814
[758, 498, 280, 288]

657 1038
[826, 584, 288, 350]

658 801
[722, 412, 371, 306]

659 4059
[867, 448, 356, 368]

660 -154
[360, 204, 140, 152]

661 3684
[855, 283, 217, 309]

662 579
[833, 273, 246, 237]

663 692
[790, 353, 312, 247]

664 728
[755, 447, 263, 273]

665 3553
[781, 289, 233, 230]

666 3774
[665, 470, 328, 291]

667 703
[564, 335, 498, 316]

668 698
[806, 338, 292, 272]

669 379
[422, 294, 406, 267]

670 348
[413, 215, 506, 224]

671 765
[683, 334, 478, 275]

672 670
[851, 270, 336, 233]

673 452
[642, 296, 297, 227]

674 1072
[863, 491, 425, 303]

675 733
[764, 389, 321, 269]

676 660
[506, 624, 309, 231]

677 560
[686, 365, 256, 263]

678 776
[939, 406, 225, 216]

679 846
[818, 359, 319, 360]

680 564
[742, 299, 239, 294]

681 378
[647, 254, 238, 244]

682 52
[372, 250, 170, 270]

683 561
[726, 324, 244, 277]

684 456
[698, 291, 196, 281]

685 1061
[932, 376, 366, 397]

686 768
[724, 358, 400, 296]

687 818
[794, 336, 363, 335]

688 625
[740, 397, 261, 237]

689 630
[709, 288, 351, 292]

690 871
[980, 391, 240, 270]

691 112
[443, 264, 178, 232]

692 694
[903, 281, 240, 280]

693 102
[532, 218, 153, 209]

694 602
[891, 280, 245, 196]

695 232
[522, 273, 216, 226]

696 149
[455, 262, 188, 254]

697 3243
[540, 253, 221, 209]

698 17
[455, 201, 184, 187]

699 152
[536, 239, 184, 203]

700 651
[779, 291, 333, 253]

701 160
[494, 245, 204, 227]

702 378
[662, 254, 217, 255]

703 386
[548, 291, 290, 267]

704 664
[853, 309, 301, 221]

705 610
[739, 307, 346, 228]

706 582
[795, 280, 289, 228]

707 151
[530, 223, 211, 197]

708 470
[676, 277, 266, 261]

709 3437
[684, 229, 263, 241]

710 464
[784, 276, 202, 212]

711 782
[943, 362, 257, 230]

712 908
[955, 469, 232, 262]

713 676
[638, 319, 465, 264]

714 550
[773, 282, 223, 277]

715 661
[785, 318, 307, 256]

716 556
[740, 317, 205, 304]

717 785
[726, 373, 329, 367]

718 646
[667, 286, 368, 335]

719 609
[695, 347, 298, 279]

720 880
[910, 423, 260, 297]

721 156
[482, 305, 179, 200]

722 3587
[953, 266, 179, 164]

723 612
[724, 350, 267, 281]

724 785
[883, 390, 268, 254]

725 849
[771, 422, 349, 317]

726 3621
[782, 290, 202, 347]

727 93
[471, 261, 170, 201]

728 747
[670, 477, 336, 274]

729 723
[737, 413, 303, 280]

730 683
[781, 355, 288, 269]

731 709
[787, 298, 357, 277]

732 793
[759, 539, 251, 254]

733 633
[513, 271, 608, 251]

734 872
[873, 510, 269, 230]

735 216
[417, 213, 374, 222]

736 185
[490, 240, 212, 253]

737 526
[708, 295, 259, 274]

738 101
[465, 217, 215, 209]

739 195
[539, 217, 197, 247]

740 3782
[818, 312, 279, 348]

741 651
[869, 282, 247, 263]

742 3669
[824, 283, 251, 291]

743 278
[547, 319, 184, 238]

744 615
[541, 382, 457, 245]

745 3314
[577, 301, 194, 202]

746 671
[492, 354, 559, 276]

747 844
[922, 403, 296, 233]

748 470
[455, 276, 483, 266]

749 954
[917, 461, 324, 262]

750 254
[606, 226, 239, 193]

751 395
[697, 285, 197, 226]

752 656
[695, 457, 254, 270]

753 670
[883, 307, 255, 215]

754 772
[841, 369, 350, 222]

755 533
[569, 353, 396, 225]

756 833
[665, 394, 468, 316]

757 435
[574, 386, 260, 225]

758 677
[700, 437, 275, 275]

759 730
[957, 312, 261, 210]

760 870
[1005, 429, 239, 207]

761 649
[751, 277, 417, 214]

762 468
[677, 358, 238, 205]

763 818
[750, 540, 290, 248]

764 666
[688, 500, 265, 223]

765 610
[760, 371, 268, 221]

766 618
[701, 432, 262, 233]

767 594
[831, 342, 227, 204]

768 712
[818, 313, 260, 331]

769 809
[882, 406, 234, 297]

770 682
[694, 449, 285, 264]

771 543
[757, 370, 237, 189]

772 664
[686, 322, 334, 332]

773 1008
[883, 454, 405, 276]

774 570
[656, 278, 360, 286]

775 826
[723, 312, 557, 244]

776 792
[828, 384, 310, 280]

777 783
[734, 519, 271, 269]

778 533
[715, 315, 274, 239]

779 382
[687, 244, 223, 238]

780 613
[769, 315, 234, 305]

781 526
[698, 301, 207, 330]

782 291
[681, 198, 181, 241]

783 492
[774, 236, 250, 242]

784 -63
[425, 211, 155, 156]

785 900
[847, 468, 296, 299]

786 685
[702, 391, 261, 341]

787 862
[778, 334, 400, 355]

788 665
[735, 421, 273, 246]

789 476
[601, 349, 263, 273]

790 285
[487, 328, 278, 202]

791 160
[428, 189, 283, 270]

792 304
[678, 196, 209, 231]

793 51
[447, 226, 181, 207]

794 954
[1027, 401, 259, 277]

795 333
[691, 225, 206, 221]

796 3920
[911, 500, 230, 259]

797 3532
[770, 293, 202, 242]

798 987
[793, 664, 263, 277]

799 634
[699, 448, 231, 266]

800 968
[837, 494, 259, 388]

801 716
[839, 436, 199, 252]

802 589
[727, 331, 333, 208]

803 719
[809, 407, 275, 238]

804 549
[666, 261, 422, 210]

805 884
[812, 503, 330, 249]

806 768
[994, 324, 248, 212]

807 852
[834, 315, 267, 446]

808 775
[899, 394, 240, 252]

809 499
[772, 285, 220, 232]

810 768
[610, 609, 321, 238]

811 644
[679, 423, 274, 278]

812 502
[592, 371, 327, 222]

813 797
[1011, 280, 235, 281]

814 682
[748, 390, 302, 252]

815 658
[781, 409, 246, 232]

816 763
[636, 444, 382, 311]

817 764
[527, 264, 673, 310]

818 340
[620, 259, 228, 243]

819 615
[817, 286, 271, 251]

820 598
[753, 293, 333, 229]

821 350
[655, 235, 252, 218]

822 441
[711, 254, 278, 218]

823 468
[730, 367, 196, 185]

824 3697
[757, 440, 242, 238]

825 3583
[451, 611, 282, 219]

826 640
[482, 437, 478, 253]

827 461
[499, 354, 395, 223]

828 61
[447, 192, 244, 188]

829 743
[668, 446, 371, 268]

830 505
[548, 465, 259, 243]

831 3829
[877, 487, 238, 227]

832 3857
[870, 462, 297, 228]

833 348
[546, 398, 230, 194]

834 797
[859, 350, 299, 299]

835 721
[689, 455, 301, 286]

836 856
[851, 424, 265, 326]

837 181
[482, 300, 217, 192]

838 587
[580, 383, 373, 261]

839 521
[589, 389, 259, 294]

840 3480
[722, 295, 224, 199]

841 359
[692, 235, 229, 213]

842 454
[623, 322, 257, 262]

843 500
[574, 259, 447, 230]

844 976
[573, 419, 637, 357]

845 680
[795, 387, 248, 260]

846 554
[671, 359, 249, 285]

847 542
[643, 273, 394, 242]

848 946
[731, 403, 575, 247]

849 570
[667, 292, 310, 311]

850 794
[776, 438, 270, 320]

851 244
[577, 228, 184, 265]

852 171
[524, 233, 213, 211]

853 981
[812, 516, 361, 302]

854 610
[734, 269, 373, 244]

855 507
[642, 245, 365, 265]

856 672
[565, 450, 379, 288]

857 3787
[867, 370, 229, 301]

858 785
[515, 559, 439, 282]

859 591
[806, 275, 286, 234]

860 608
[484, 439, 426, 269]

861 733
[685, 436, 318, 304]

862 102
[481, 216, 192, 223]

863 528
[622, 369, 257, 290]

864 721
[782, 393, 241, 315]

865 730
[591, 420, 497, 232]

866 691
[652, 263, 483, 303]

867 421
[641, 203, 362, 225]

868 555
[851, 250, 210, 254]

869 721
[888, 407, 211, 225]

870 318
[546, 273, 283, 226]

871 841
[673, 478, 341, 359]

872 739
[920, 364, 217, 248]

873 47
[454, 224, 197, 182]

874 491
[547, 306, 421, 227]

875 397
[590, 332, 245, 240]

876 813
[990, 367, 224, 237]

877 506
[512, 389, 345, 270]

878 103
[435, 199, 247, 232]

879 575
[591, 350, 383, 261]

880 637
[534, 520, 333, 260]

881 582
[658, 320, 338, 276]

882 665
[802, 289, 321, 263]

883 361
[583, 237, 306, 245]

884 829
[600, 543, 418, 278]

885 755
[939, 340, 230, 256]

886 834
[845, 349, 322, 328]

887 3572
[883, 278, 198, 188]

888 622
[762, 358, 287, 225]

889 910
[820, 416, 318, 361]

890 616
[766, 280, 261, 319]

891 711
[542, 546, 310, 318]

892 3755
[575, 538, 371, 251]

893 3682
[782, 344, 184, 327]

894 892
[765, 550, 310, 277]

895 43
[510, 200, 165, 178]

896 325
[546, 241, 239, 309]

897 76
[474, 192, 153, 267]

898 734
[736, 470, 308, 240]

899 4
[484, 169, 166, 195]

900 -97
[304, 233, 198, 178]

901 -70
[399, 185, 192, 164]

902 653
[726, 302, 392, 243]

903 3471
[622, 286, 243, 300]

904 -304
[199, 150, 154, 203]

905 541
[807, 280, 226, 238]

906 210
[471, 287, 222, 240]

907 630
[747, 308, 334, 251]

908 421
[744, 186, 245, 256]

909 274
[598, 207, 234, 245]

910 276
[592, 255, 209, 225]

911 630
[631, 268, 312, 429]

912 3772
[899, 331, 281, 241]

913 169
[566, 217, 181, 215]

914 382
[620, 286, 232, 254]

915 165
[468, 294, 179, 234]

916 512
[687, 427, 217, 191]

917 939
[782, 670, 248, 249]

918 748
[610, 482, 422, 244]

919 703
[769, 339, 359, 266]

920 746
[934, 397, 228, 197]

921 681
[714, 442, 238, 297]

922 894
[978, 314, 333, 279]

923 346
[610, 293, 205, 248]

924 457
[765, 268, 189, 245]

925 1059
[939, 577, 261, 292]

926 3929
[851, 485, 213, 360]

927 829
[974, 373, 244, 243]

928 -4
[412, 177, 166, 251]

929 609
[806, 333, 209, 271]

930 472
[688, 338, 251, 205]

931 606
[776, 258, 299, 283]

932 664
[729, 337, 322, 286]

933 452
[608, 243, 384, 227]

934 779
[837, 321, 374, 237]

935 128
[443, 197, 256, 242]

936 954
[663, 293, 765, 243]

937 3864
[869, 408, 328, 234]

938 261
[447, 265, 285, 269]

939 3950
[729, 411, 417, 373]

940 599
[642, 295, 434, 238]

941 530
[634, 260, 398, 248]

942 528
[304, 231, 754, 249]

943 479
[617, 274, 250, 348]

944 841
[891, 521, 203, 236]

945 3551
[785, 294, 234, 238]

946 244
[382, 251, 394, 227]

947 714
[748, 400, 286, 290]

948 501
[623, 293, 327, 268]

949 531
[721, 314, 272, 234]

950 -64
[399, 166, 134, 247]

951 808
[916, 381, 219, 302]

952 508
[668, 283, 263, 304]

953 916
[970, 481, 252, 223]

954 530
[483, 226, 559, 272]

955 243
[398, 233, 386, 236]

956 471
[560, 242, 383, 296]

957 443
[633, 192, 301, 327]

958 333
[559, 220, 285, 279]

959 111
[442, 215, 234, 230]

960 392
[723, 231, 223, 225]

961 563
[585, 359, 366, 263]

962 404
[514, 452, 243, 215]

963 238
[511, 302, 237, 198]

964 236
[538, 266, 251, 191]

965 -17
[445, 189, 177, 182]

966 3421
[756, 270, 194, 201]

967 494
[694, 327, 219, 264]

968 331
[564, 297, 241, 239]

969 429
[677, 266, 238, 258]

970 3817
[881, 410, 273, 253]

971 449
[686, 308, 209, 256]

972 647
[801, 421, 207, 228]

973 769
[1018, 368, 211, 182]

974 633
[810, 363, 227, 243]

975 635
[668, 331, 394, 247]

976 564
[603, 330, 378, 258]

977 3505
[679, 335, 245, 226]

978 654
[868, 282, 202, 312]

979 3620
[704, 303, 286, 322]

980 941
[762, 502, 456, 231]

981 3431
[762, 276, 216, 157]

982 577
[702, 424, 222, 239]

983 520
[807, 217, 301, 205]

984 698
[685, 311, 374, 338]

985 3864
[925, 367, 313, 239]

986 390
[668, 356, 186, 190]

987 341
[631, 327, 176, 217]

988 978
[968, 432, 249, 339]

989 3481
[758, 330, 191, 182]

990 1022
[1050, 529, 207, 246]

991 592
[622, 351, 325, 304]

992 265
[508, 326, 243, 198]

993 704
[926, 388, 216, 184]

994 3699
[876, 408, 204, 211]

995 1031
[752, 678, 328, 283]

996 559
[638, 434, 270, 227]

997 426
[349, 239, 606, 242]

998 1197
[753, 691, 483, 280]

999 3868
[796, 297, 414, 341]

1000 779
[735, 309, 303, 442]

1001 3692
[873, 224, 272, 303]

1002 114
[489, 192, 211, 232]

1003 836
[644, 384, 324, 494]

1004 152
[403, 329, 237, 193]

1005 191
[480, 321, 203, 197]

1006 442
[742, 295, 219, 206]

1007 552
[694, 249, 293, 326]

1008 603
[814, 390, 200, 209]

1009 13
[428, 226, 184, 185]

1010 501
[770, 269, 268, 204]

1011 580
[577, 271, 547, 195]

1012 3938
[592, 506, 498, 322]

1013 74
[445, 265, 185, 189]

1014 568
[630, 361, 232, 355]

1015 721
[987, 297, 225, 222]

1016 712
[828, 244, 265, 395]

1017 464
[644, 245, 194, 391]

1018 -196
[315, 148, 152, 199]

1019 407
[742, 201, 206, 268]

1020 552
[769, 215, 187, 391]

1021 608
[704, 277, 268, 369]

1022 319
[537, 197, 374, 221]

1023 -327
[226, 135, 129, 193]

1024 275
[470, 380, 229, 206]

1025 556
[690, 285, 242, 349]

1026 219
[588, 203, 240, 198]

1027 662
[786, 269, 302, 315]

1028 331
[594, 319, 228, 200]

1029 733
[852, 333, 294, 264]

1030 254
[406, 468, 194, 196]

1031 543
[735, 360, 246, 222]

1032 3648
[663, 467, 250, 248]

1033 1031
[1089, 393, 264, 295]

1034 820
[774, 438, 246, 372]

1035 1081
[1198, 387, 276, 230]

1036 823
[798, 446, 342, 247]

1037 347
[609, 300, 219, 229]

1038 370
[391, 485, 294, 210]

1039 3912
[1045, 386, 257, 204]

1040 450
[581, 328, 283, 268]

1041 3554
[801, 218, 289, 226]

1042 501
[578, 280, 411, 242]

1043 466
[634, 394, 231, 217]

1044 563
[698, 336, 200, 339]

1045 160
[416, 243, 228, 283]

1046 737
[673, 487, 278, 309]

1047 480
[614, 290, 253, 333]

1048 584
[579, 542, 210, 263]

1049 127
[380, 269, 195, 293]

1050 601
[753, 277, 293, 288]

1051 930
[993, 494, 239, 214]

1052 3558
[742, 290, 287, 219]

1053 754
[799, 348, 356, 261]

1054 3744
[789, 253, 323, 379]

1055 431
[731, 266, 203, 241]

1056 3815
[1044, 359, 188, 204]

1057 862
[749, 653, 224, 256]

1058 391
[720, 216, 224, 241]

1059 520
[725, 262, 309, 234]

1060 3750
[762, 313, 407, 248]

1061 3690
[860, 293, 203, 314]

1062 3574
[792, 339, 215, 208]

1063 744
[946, 320, 238, 250]

1064 3702
[492, 705, 274, 221]

1065 665
[703, 290, 436, 246]

1066 552
[680, 343, 224, 315]

1067 619
[773, 298, 286, 272]

1068 340
[605, 270, 242, 233]

1069 534
[719, 259, 313, 253]

1070 3558
[850, 272, 221, 195]

1071 499
[613, 308, 362, 221]

1072 -35
[358, 217, 160, 240]

1073 3760
[895, 370, 220, 255]

1074 4016
[1045, 454, 284, 233]

1075 642
[844, 312, 281, 215]

1076 351
[546, 303, 228, 284]

1077 502
[611, 309, 231, 361]

1078 657
[846, 341, 252, 228]

1079 901
[916, 457, 282, 256]

1080 3600
[791, 377, 209, 198]

1081 3653
[855, 369, 214, 195]

1082 4035
[1089, 483, 218, 215]

1083 1034
[738, 521, 478, 307]

1084 3692
[901, 357, 194, 220]

1085 471
[698, 311, 265, 207]

1086 3644
[930, 294, 187, 208]

1087 3317
[664, 265, 182, 186]

1088 1052
[886, 607, 279, 290]

1089 126
[484, 212, 193, 247]

1090 490
[621, 278, 298, 303]

1091 970
[768, 456, 431, 335]

1092 868
[835, 388, 351, 304]

1093 663
[921, 299, 235, 218]

1094 663
[608, 381, 446, 238]

1095 589
[837, 295, 226, 241]

1096 630
[692, 289, 344, 315]

1097 924
[845, 480, 341, 268]

1098 481
[736, 260, 265, 230]

1099 450
[668, 286, 262, 244]

1100 571
[782, 196, 333, 270]

1101 752
[747, 301, 374, 340]

1102 621
[805, 220, 261, 345]

1103 585
[754, 231, 295, 315]

1104 3621
[720, 306, 259, 316]

1105 679
[635, 328, 343, 393]

1106 614
[866, 266, 243, 249]

1107 3630
[762, 379, 239, 230]

1108 628
[758, 383, 199, 298]

1109 546
[604, 431, 238, 283]

1110 776
[761, 425, 363, 237]

1111 572
[719, 297, 288, 278]

1112 814
[1015, 310, 255, 244]

1113 575
[842, 278, 185, 280]

1114 3503
[710, 335, 193, 245]

1115 572
[745, 379, 185, 273]

1116 765
[836, 449, 237, 253]

1117 960
[779, 495, 292, 404]

1118 615
[748, 297, 185, 395]

1119 682
[727, 354, 216, 395]

1120 2529
[213, 106, 77, 113]

1121 -145
[328, 201, 121, 215]

1122 618
[645, 375, 261, 347]

1123 443
[691, 343, 191, 223]

1124 3742
[868, 322, 280, 252]

1125 3584
[843, 275, 194, 252]

1126 792
[839, 340, 221, 402]

1127 973
[915, 463, 232, 373]

1128 580
[709, 408, 209, 264]

1129 734
[935, 380, 194, 215]

1130 934
[958, 479, 250, 257]

1131 571
[776, 347, 207, 251]

1132 583
[745, 352, 262, 234]

1133 3767
[676, 425, 374, 267]

1134 173
[485, 294, 158, 246]

1135 612
[846, 284, 208, 284]

1136 -182
[361, 174, 148, 145]

1137 660
[816, 293, 256, 305]

1138 3746
[633, 437, 411, 245]

1139 789
[712, 385, 459, 243]

1140 710
[743, 369, 392, 216]

1141 3633
[801, 408, 209, 195]

1142 542
[700, 423, 224, 205]

1143 639
[651, 443, 324, 231]

1144 866
[658, 547, 401, 270]

1145 782
[495, 710, 337, 245]

1146 670
[823, 312, 241, 304]

1147 122
[421, 245, 181, 285]

1148 175
[580, 198, 159, 243]

1149 824
[753, 449, 218, 414]

1150 237
[564, 255, 195, 233]

1151 131
[431, 240, 211, 259]

1152 558
[768, 316, 214, 270]

1153 419
[606, 326, 203, 304]

1154 125
[439, 236, 181, 279]

1155 379
[619, 262, 201, 307]

1156 636
[680, 395, 301, 270]

1157 3921
[1085, 300, 266, 245]

1158 579
[820, 291, 251, 222]

1159 634
[577, 352, 471, 244]

1160 211
[557, 273, 193, 198]

1161 295
[610, 245, 168, 282]

1162 3720
[749, 406, 211, 334]

1163 3721
[899, 374, 232, 216]

1164 853
[770, 548, 209, 336]

1165 -153
[322, 208, 125, 202]

1166 337
[507, 265, 311, 264]

1167 558
[735, 322, 219, 292]

1168 656
[792, 348, 240, 286]

1169 421
[622, 316, 193, 300]

1170 124
[556, 201, 183, 194]

1171 386
[631, 289, 232, 239]

1172 825
[892, 448, 269, 226]

1173 3657
[772, 335, 283, 247]

1174 695
[856, 354, 268, 227]

1175 999
[879, 527, 306, 297]

1176 780
[834, 382, 313, 261]

1177 735
[758, 444, 289, 254]

1178 61
[371, 218, 274, 208]

1179 358
[543, 264, 300, 261]

1180 111
[458, 180, 353, 130]

1181 625
[668, 309, 399, 259]

1182 497
[677, 240, 306, 279]

1183 3625
[848, 317, 196, 264]

1184 246
[553, 233, 157, 323]

1185 541
[690, 287, 216, 358]

1186 327
[480, 296, 313, 248]

1187 512
[750, 240, 220, 312]

1188 297
[527, 233, 289, 258]

1189 653
[705, 430, 302, 226]

1190 737
[686, 547, 244, 270]

1191 192
[487, 221, 282, 212]

1192 3845
[758, 500, 254, 308]

1193 657
[757, 390, 233, 287]

1194 4000
[934, 572, 225, 249]

1195 3637
[916, 328, 186, 187]

1196 557
[751, 305, 229, 282]

1197 853
[561, 343, 714, 245]

1198 3788
[854, 391, 251, 252]

1199 536
[635, 281, 394, 236]

1200 503
[420, 234, 653, 206]

1201 826
[885, 481, 229, 241]

1202 719
[779, 518, 203, 229]

1203 1105
[839, 770, 227, 279]

1204 483
[516, 465, 256, 256]

1205 431
[664, 279, 267, 231]

1206 835
[946, 459, 211, 229]

1207 822
[959, 367, 271, 235]

1208 901
[859, 493, 320, 239]

1209 518
[784, 322, 214, 208]

1210 3709
[958, 371, 193, 167]

1211 862
[838, 568, 249, 212]

1212 3952
[1041, 512, 194, 185]

1213 872
[683, 685, 234, 280]

1214 928
[747, 506, 244, 441]

1215 585
[689, 378, 195, 333]

1216 645
[657, 311, 299, 388]

1217 865
[655, 379, 618, 223]

1218 728
[410, 294, 805, 229]

1219 227
[528, 244, 185, 280]

1220 267
[643, 214, 211, 209]

1221 847
[468, 627, 494, 268]

1222 1008
[805, 562, 392, 259]

1223 3569
[701, 282, 299, 262]

1224 798
[722, 355, 509, 222]

1225 630
[720, 267, 419, 234]

1226 3461
[582, 389, 256, 234]

1227 3456
[725, 279, 230, 202]

1228 965
[877, 456, 396, 246]

1229 3933
[785, 264, 530, 329]

1230 471
[364, 446, 330, 341]

1231 505
[347, 567, 361, 240]

1232 548
[717, 318, 274, 249]

1233 621
[530, 510, 392, 199]

1234 375
[507, 428, 256, 194]

1235 3932
[971, 464, 274, 203]

1236 872
[871, 415, 324, 272]

1237 -334
[245, 134, 152, 145]

1238 697
[693, 345, 412, 257]

1239 1051
[855, 456, 346, 404]

1240 642
[843, 297, 210, 302]

1241 568
[705, 260, 386, 227]

1242 684
[506, 346, 624, 228]

1243 899
[729, 579, 244, 357]

1244 33
[401, 155, 327, 160]

1245 469
[680, 223, 349, 227]

1246 851
[769, 332, 358, 402]

1247 788
[621, 292, 379, 506]

1248 197
[611, 198, 201, 197]

1249 3518
[874, 287, 165, 172]

1250 441
[498, 395, 299, 259]

1251 481
[580, 428, 244, 239]

1252 653
[865, 311, 255, 232]

1253 603
[502, 518, 345, 248]

1254 669
[622, 540, 278, 239]

1255 405
[630, 352, 211, 222]

1256 3691
[840, 333, 223, 275]

1257 700
[789, 437, 254, 230]

1258 499
[685, 351, 218, 255]

1259 3529
[776, 271, 248, 214]

1260 650
[606, 282, 426, 346]

1261 729
[469, 326, 736, 208]

1262 764
[717, 626, 209, 222]

1263 226
[517, 269, 226, 224]

1264 1157
[987, 723, 237, 220]

1265 774
[775, 498, 220, 291]

1266 648
[661, 489, 276, 227]

1267 3573
[722, 335, 227, 269]

1268 3852
[808, 477, 275, 272]

1269 3830
[828, 509, 251, 222]

1270 1070
[889, 669, 233, 289]

1271 763
[620, 433, 299, 421]

1272 99
[448, 174, 222, 265]

1273 530
[755, 273, 242, 270]

1274 519
[566, 242, 381, 335]

1275 732
[544, 296, 610, 292]

1276 3558
[848, 278, 210, 192]

1277 512
[707, 312, 309, 194]

1278 238
[590, 238, 215, 205]

1279 107
[438, 232, 208, 239]

1280 587
[699, 241, 294, 363]

1281 773
[855, 456, 188, 284]

1282 1222
[1087, 626, 260, 259]

1283 477
[736, 303, 172, 276]

1284 227
[530, 226, 218, 263]

1285 481
[694, 281, 194, 322]

1286 487
[714, 257, 283, 243]

1287 692
[592, 273, 574, 263]

1288 150
[501, 221, 178, 260]

1289 236
[562, 235, 209, 240]

1290 91
[487, 192, 173, 249]

1291 575
[649, 286, 402, 248]

1292 716
[1052, 257, 194, 223]

1293 365
[625, 268, 209, 273]

1294 777
[1003, 276, 289, 229]

1295 3643
[748, 383, 255, 237]

1296 438
[657, 282, 265, 244]

1297 666
[763, 464, 204, 245]

1298 661
[830, 348, 269, 224]

1299 719
[950, 302, 265, 212]

1300 824
[917, 419, 297, 201]

1301 623
[868, 379, 209, 177]

1302 731
[912, 369, 269, 191]

1303 96
[501, 217, 206, 182]

1304 1070
[1085, 486, 279, 230]

1305 896
[1056, 397, 215, 238]

1306 318
[647, 317, 168, 196]

1307 515
[690, 379, 202, 254]

1308 637
[757, 414, 211, 260]

1309 3974
[900, 573, 265, 216]

1310 679
[713, 333, 420, 223]

1311 603
[623, 432, 245, 313]

1312 718
[690, 343, 434, 261]

1313 595
[748, 389, 231, 237]

1314 589
[579, 240, 545, 235]

1315 630
[712, 383, 301, 244]

1316 760
[750, 487, 300, 233]

1317 598
[678, 426, 250, 254]

1318 4073
[903, 611, 244, 295]

1319 818
[619, 792, 245, 172]

1320 486
[775, 300, 202, 229]

1321 744
[728, 325, 310, 391]

1322 549
[735, 259, 235, 330]

1323 509
[611, 226, 348, 334]

1324 607
[626, 362, 338, 291]

1325 438
[661, 274, 210, 303]

1326 540
[732, 282, 234, 302]

1327 178
[507, 265, 183, 233]

1328 178
[501, 256, 191, 240]

1329 911
[953, 413, 271, 284]

1330 779
[878, 453, 219, 239]

1331 511
[792, 235, 182, 312]

1332 60
[467, 208, 173, 222]

1333 703
[869, 421, 207, 226]

1334 481
[750, 279, 198, 264]

1335 511
[647, 317, 216, 341]

1336 478
[720, 312, 200, 256]

1337 424
[650, 296, 225, 263]

1338 427
[648, 360, 203, 226]

1339 610
[854, 338, 196, 227]

1340 680
[876, 387, 215, 212]

1341 3693
[783, 474, 210, 206]

1342 265
[550, 276, 193, 256]

1343 115
[502, 235, 161, 227]

1344 674
[819, 263, 194, 408]

1345 649
[781, 308, 224, 346]

1346 542
[643, 345, 216, 348]

1347 576
[736, 290, 225, 335]

1348 372
[612, 248, 170, 352]

1349 702
[857, 376, 203, 276]

1350 554
[723, 346, 211, 284]

1351 407
[700, 323, 150, 244]

1352 927
[929, 537, 207, 264]

1353 524
[707, 324, 221, 282]

1354 772
[892, 345, 310, 235]

1355 784
[909, 445, 221, 219]

1356 771
[857, 384, 222, 318]

1357 675
[723, 524, 229, 209]

1358 863
[986, 401, 233, 253]

1359 933
[953, 471, 267, 252]

1360 883
[677, 667, 280, 269]

1361 939
[667, 627, 370, 285]

1362 1009
[936, 591, 267, 225]

1363 3991
[984, 568, 218, 201]

1364 925
[782, 616, 194, 343]

1365 950
[849, 434, 279, 398]

1366 1084
[1017, 500, 230, 347]

1367 1263
[603, 993, 312, 365]

1368 628
[732, 249, 261, 396]

1369 403
[635, 151, 284, 343]

1370 313
[547, 230, 198, 348]

1371 312
[508, 349, 201, 264]

1372 579
[640, 387, 305, 257]

1373 3701
[792, 323, 310, 256]

1374 811
[799, 397, 407, 218]

1375 738
[779, 376, 345, 248]

1376 -73
[333, 173, 268, 163]

1377 -27
[341, 259, 170, 213]

1378 515
[601, 340, 330, 249]

1379 510
[750, 346, 229, 195]

1380 210
[425, 385, 197, 213]

1381 657
[841, 421, 201, 204]

1382 -92
[384, 216, 154, 164]

1383 702
[701, 325, 467, 219]

1384 626
[709, 373, 356, 198]

1385 516
[683, 439, 173, 231]

1386 3735
[1009, 340, 202, 184]

1387 870
[912, 427, 303, 238]

1388 919
[867, 518, 263, 281]

1389 432
[794, 247, 205, 196]

1390 793
[877, 503, 214, 209]

1391 609
[873, 310, 205, 226]

1392 86
[506, 234, 185, 171]

1393 3835
[968, 446, 186, 210]

1394 572
[815, 400, 169, 198]

1395 620
[778, 410, 252, 190]

1396 856
[1021, 428, 203, 214]

1397 417
[669, 301, 213, 244]

1398 3537
[847, 270, 210, 205]

1399 368
[652, 250, 211, 265]

1400 635
[945, 227, 185, 288]

1401 646
[746, 387, 256, 262]

1402 759
[986, 371, 201, 211]

1403 329
[579, 229, 197, 334]

1404 746
[873, 445, 211, 227]

1405 807
[933, 359, 204, 321]

1406 950
[973, 529, 235, 223]

1407 3567
[652, 321, 318, 256]

1408 797
[442, 253, 851, 261]

1409 953
[742, 437, 520, 264]

1410 3897
[960, 442, 203, 272]

1411 3831
[922, 444, 218, 227]

1412 3825
[904, 482, 207, 212]

1413 3436
[704, 319, 195, 198]

1414 3882
[984, 444, 208, 206]

1415 3711
[833, 396, 217, 245]

1416 611
[812, 326, 252, 231]

1417 824
[945, 404, 223, 262]

1418 837
[760, 531, 212, 344]

1419 450
[633, 281, 270, 276]

1420 493
[737, 240, 207, 319]

1421 667
[623, 588, 235, 231]

1422 379
[474, 270, 392, 253]

1423 3722
[869, 375, 236, 242]

1424 502
[791, 224, 284, 213]

1425 744
[857, 357, 285, 255]

1426 686
[678, 349, 411, 258]

1427 474
[672, 284, 190, 338]

1428 564
[777, 316, 232, 249]

1429 768
[918, 406, 191, 263]

1430 1118
[1168, 475, 220, 265]

1431 727
[762, 449, 243, 278]

1432 3922
[1019, 387, 214, 282]

1433 201
[524, 215, 278, 194]

1434 660
[683, 441, 253, 293]

1435 3675
[827, 337, 197, 294]

1436 362
[546, 268, 213, 345]

1437 947
[899, 380, 186, 492]

1438 285
[615, 254, 168, 258]

1439 316
[506, 337, 224, 259]

1440 511
[825, 248, 169, 279]

1441 500
[664, 374, 269, 203]

1442 783
[923, 446, 228, 196]

1443 566
[726, 346, 273, 231]

1444 809
[923, 444, 245, 207]

1445 3611
[743, 424, 209, 215]

1446 1172
[906, 809, 255, 212]

1447 3967
[712, 772, 258, 225]

1448 628
[444, 407, 561, 226]

1449 3569
[403, 665, 265, 216]

1450 1144
[669, 992, 272, 221]

1451 576
[424, 398, 588, 176]

1452 488
[501, 249, 541, 207]

1453 575
[181, 286, 980, 138]

1454 670
[759, 334, 243, 344]

1455 601
[760, 239, 318, 299]

1456 174
[458, 178, 268, 275]

1457 87
[394, 239, 210, 254]

1458 677
[801, 247, 282, 357]

1459 37
[424, 187, 229, 207]

1460 531
[668, 296, 226, 346]

1461 310
[612, 200, 226, 282]

1462 60
[486, 196, 176, 212]

1463 573
[737, 333, 244, 269]

1464 607
[834, 296, 221, 266]

1465 -39
[388, 227, 170, 186]

1466 429
[681, 244, 247, 262]

1467 3732
[856, 430, 202, 224]

1468 257
[493, 384, 205, 185]

1469 415
[386, 584, 221, 234]

1470 559
[438, 656, 227, 248]

1471 710
[767, 425, 280, 248]

1472 235
[573, 233, 251, 188]

1473 489
[568, 405, 249, 272]

1474 468
[555, 405, 235, 283]

1475 3639
[836, 311, 204, 268]

1476 950
[799, 631, 245, 285]

1477 3761
[891, 376, 195, 279]

1478 3653
[780, 322, 283, 248]

1479 647
[696, 312, 393, 256]

1480 444
[654, 308, 166, 326]

1481 654
[656, 318, 233, 452]

1482 677
[811, 374, 223, 279]

1483 374
[623, 288, 197, 271]

1484 1047
[837, 678, 273, 269]

1485 886
[764, 591, 229, 312]

1486 814
[720, 594, 300, 205]

1487 767
[397, 462, 730, 188]

1488 551
[385, 391, 595, 190]

1489 381
[482, 308, 391, 220]

1490 560
[688, 291, 322, 269]

1491 689
[634, 428, 276, 361]

1492 572
[636, 304, 441, 201]

1493 471
[592, 283, 283, 323]

1494 894
[815, 597, 240, 252]

1495 541
[644, 228, 412, 267]

1496 650
[834, 332, 267, 227]

1497 601
[754, 272, 308, 277]

1498 296
[525, 261, 235, 295]

1499 377
[617, 282, 294, 194]

1500 368
[656, 212, 235, 275]

1501 754
[755, 490, 273, 256]

1502 496
[779, 270, 210, 247]

1503 862
[978, 312, 302, 280]

1504 79
[484, 206, 183, 216]

1505 742
[858, 336, 285, 273]

1506 459
[753, 248, 259, 209]

1507 498
[647, 232, 405, 224]

1508 791
[927, 419, 254, 201]

1509 811
[773, 441, 267, 340]

1510 3781
[751, 463, 269, 278]

1511 790
[818, 405, 259, 318]

1512 834
[598, 346, 685, 215]

1513 849
[480, 381, 772, 221]

1514 503
[535, 350, 235, 393]

1515 956
[701, 559, 350, 356]

1516 855
[743, 479, 271, 372]

1517 624
[687, 437, 290, 220]

1518 499
[498, 225, 567, 219]

1519 779
[571, 290, 727, 201]

1520 881
[808, 438, 413, 232]

1521 773
[757, 391, 304, 331]

1522 517
[453, 260, 624, 190]

1523 791
[743, 329, 421, 308]

1524 3817
[748, 353, 404, 292]

1525 3071
[484, 182, 185, 200]

1526 758
[830, 263, 361, 314]

1527 315
[575, 227, 210, 313]

1528 4168
[1040, 580, 303, 220]

1529 3809
[728, 305, 530, 226]

1530 976
[835, 526, 236, 384]

1531 933
[878, 566, 246, 253]

1532 4006
[961, 444, 229, 352]

1533 759
[844, 381, 233, 311]

1534 616
[539, 591, 295, 201]

1535 3809
[1000, 394, 183, 207]

1536 936
[394, 483, 886, 183]

1537 263
[607, 220, 248, 198]

1538 266
[580, 193, 307, 196]

1539 -34
[360, 188, 233, 195]

1540 507
[567, 297, 293, 360]

1541 -137
[327, 143, 205, 198]

1542 326
[537, 201, 290, 308]

1543 381
[695, 194, 202, 300]

1544 -363
[241, 143, 149, 114]

1545 1347
[1215, 613, 224, 305]

1546 726
[836, 431, 227, 242]

1547 494
[623, 458, 207, 216]

1548 899
[931, 523, 228, 227]

1549 953
[897, 552, 265, 249]

1550 803
[880, 403, 242, 288]

1551 1162
[953, 640, 232, 347]

1552 296
[622, 266, 237, 181]

1553 912
[835, 633, 241, 208]

1554 205
[515, 256, 234, 210]

1555 805
[796, 481, 328, 210]

1556 587
[838, 227, 338, 204]

1557 333
[544, 240, 364, 195]

1558 590
[755, 203, 469, 173]

1559 172
[510, 199, 299, 174]

1560 807
[946, 379, 274, 228]

1561 820
[766, 612, 264, 188]

1562 868
[998, 454, 223, 203]

1563 3785
[892, 447, 217, 229]

1564 485
[761, 286, 236, 212]

1565 636
[825, 321, 298, 202]

1566 818
[670, 475, 461, 222]

1567 770
[973, 355, 252, 200]

1568 866
[998, 487, 200, 191]

1569 818
[839, 549, 221, 219]

1570 758
[1022, 349, 204, 193]

1571 571
[846, 290, 220, 225]

1572 3877
[857, 510, 223, 247]

1573 718
[765, 467, 327, 169]

1574 470
[684, 380, 216, 200]

1575 3918
[1055, 422, 240, 181]

1576 493
[773, 343, 183, 204]

1577 1119
[1019, 695, 185, 230]

1578 501
[628, 357, 305, 221]

1579 839
[657, 469, 481, 242]

1580 794
[880, 459, 267, 198]

1581 618
[805, 349, 225, 249]

1582 961
[1020, 479, 224, 248]

1583 561
[572, 382, 381, 236]

1584 970
[655, 474, 596, 255]

1585 715
[891, 342, 256, 236]

1586 944
[648, 697, 378, 231]

1587 376
[573, 360, 193, 255]

1588 553
[539, 299, 463, 262]

1589 488
[749, 310, 219, 220]

1590 598
[803, 371, 205, 239]

1591 782
[916, 465, 208, 203]

1592 4035
[1026, 549, 230, 210]

1593 440
[715, 340, 196, 199]

1594 1061
[900, 511, 380, 275]

1595 959
[1136, 335, 240, 258]

1596 321
[582, 320, 211, 218]

1597 1276
[1066, 700, 242, 278]

1598 870
[861, 402, 365, 262]

1599 812
[807, 499, 298, 213]

1600 844
[986, 360, 289, 219]

1601 922
[1006, 494, 215, 217]

1602 1051
[949, 659, 217, 236]

1603 1019
[992, 594, 209, 234]

1604 3756
[660, 441, 392, 243]

1605 557
[758, 317, 299, 193]

1606 614
[834, 222, 353, 215]

1607 512
[709, 323, 267, 223]

1608 776
[864, 402, 262, 258]

1609 1157
[899, 725, 289, 254]

1610 3564
[759, 266, 233, 286]

1611 3872
[871, 366, 355, 260]

1612 3565
[505, 205, 618, 217]

1613 863
[484, 576, 555, 258]

1614 629
[882, 232, 292, 233]

1615 3867
[768, 610, 217, 227]

1616 4135
[1123, 599, 201, 212]

1617 3830
[589, 735, 271, 235]

1618 3853
[553, 855, 240, 185]

1619 3362
[695, 270, 192, 185]

1620 3482
[599, 481, 168, 209]

1621 897
[873, 489, 211, 334]

1622 -30
[350, 254, 171, 205]

1623 368
[676, 289, 200, 213]

1624 809
[414, 448, 716, 236]

1625 755
[713, 325, 394, 333]

1626 615
[563, 285, 571, 206]

1627 291
[479, 356, 283, 183]

1628 4089
[518, 1087, 233, 231]

1629 -12
[387, 185, 173, 253]

1630 553
[883, 270, 224, 186]

1631 3663
[844, 253, 323, 223]

1632 3869
[851, 440, 335, 243]

1633 638
[849, 272, 319, 208]

1634 528
[726, 235, 321, 256]

1635 3494
[735, 201, 300, 238]

1636 355
[310, 178, 693, 184]

1637 141
[524, 211, 211, 205]

1638 -33
[409, 167, 244, 157]

1639 438
[619, 164, 307, 358]

1640 336
[579, 312, 229, 226]

1641 3524
[750, 199, 277, 258]

1642 313
[610, 280, 194, 239]

1643 482
[759, 216, 214, 303]

1644 450
[672, 223, 209, 356]

1645 630
[820, 260, 271, 289]

1646 453
[414, 633, 242, 174]

1647 803
[581, 738, 278, 216]

1648 470
[580, 443, 260, 197]

1649 799
[626, 565, 379, 249]

1650 836
[719, 282, 548, 297]

1651 625
[803, 201, 442, 189]

1652 658
[585, 247, 563, 273]

1653 602
[584, 285, 544, 194]

1654 568
[447, 407, 527, 197]

1655 757
[567, 649, 332, 219]

1656 1055
[713, 834, 289, 229]

1657 674
[454, 635, 384, 221]

1658 3682
[746, 329, 330, 257]

1659 3595
[515, 488, 376, 196]

1660 3583
[902, 250, 241, 185]

1661 3912
[869, 385, 383, 255]

1662 3655
[941, 251, 222, 221]

1663 472
[748, 234, 285, 215]

1664 66
[486, 189, 221, 180]

1665 561
[368, 688, 316, 199]

1666 3652
[463, 371, 599, 199]

1667 532
[853, 225, 235, 229]

1668 815
[989, 396, 213, 227]

1669 725
[893, 376, 249, 217]

1670 613
[558, 542, 311, 212]

1671 255
[370, 158, 573, 164]

1672 184
[320, 201, 477, 196]

1673 478
[705, 315, 220, 248]

1674 550
[741, 281, 287, 251]

1675 577
[241, 255, 946, 145]

1676 617
[712, 507, 224, 184]

1677 3581
[501, 607, 270, 183]

1678 678
[665, 435, 391, 197]

1679 478
[609, 417, 269, 193]

1680 438
[548, 364, 316, 220]

1681 3940
[905, 429, 336, 250]

1682 685
[593, 696, 212, 194]

1683 3781
[792, 276, 308, 385]

1684 765
[965, 319, 205, 286]

1685 981
[862, 390, 296, 443]

1686 331
[517, 197, 382, 245]

1687 956
[947, 434, 294, 291]

1688 972
[246, 603, 946, 187]

1689 349
[549, 215, 435, 160]

1690 988
[724, 485, 413, 386]

1691 719
[362, 316, 744, 302]

1692 975
[609, 339, 496, 551]

1693 1137
[803, 374, 460, 510]

1694 637
[889, 375, 200, 183]

1695 904
[640, 798, 240, 236]

1696 927
[984, 337, 372, 244]

1697 969
[976, 472, 338, 203]

1698 848
[763, 443, 418, 234]

1699 97
[450, 221, 248, 188]

1700 557
[801, 264, 283, 219]

1701 454
[735, 269, 224, 236]

1702 315
[685, 221, 231, 188]

1703 743
[874, 421, 232, 226]

1704 675
[842, 297, 286, 260]

1705 3580
[635, 317, 359, 249]

1706 323
[561, 249, 321, 202]

1707 3818
[815, 388, 252, 343]

1708 -274
[352, 147, 127, 110]

1709 1020
[963, 307, 374, 386]

1710 125
[471, 211, 215, 238]

1711 615
[879, 312, 221, 213]

1712 361
[716, 248, 210, 197]

1713 249
[561, 273, 200, 220]

1714 105
[450, 283, 213, 164]

1715 297
[615, 225, 183, 284]

1716 275
[497, 260, 197, 331]

1717 270
[604, 220, 203, 253]

1718 1001
[627, 926, 244, 214]

1719 95
[356, 222, 326, 201]

1720 456
[398, 217, 666, 185]

1721 574
[503, 240, 648, 188]

1722 783
[536, 302, 728, 227]

1723 314
[334, 260, 466, 264]

1724 216
[425, 291, 235, 275]

1725 3852
[692, 479, 304, 357]

1726 768
[618, 366, 453, 336]

1727 694
[365, 336, 773, 230]

1728 3591
[450, 251, 691, 199]

1729 871
[867, 349, 235, 430]

1730 3615
[789, 506, 164, 136]

1731 467
[781, 206, 220, 270]

1732 559
[508, 195, 645, 221]

1733 180
[483, 238, 203, 266]

1734 68
[337, 144, 386, 211]

1735 651
[532, 228, 676, 225]

1736 407
[320, 629, 346, 122]

1737 778
[587, 630, 316, 255]

1738 747
[431, 825, 267, 234]

1739 905
[800, 583, 316, 211]

1740 3911
[538, 785, 378, 190]

1741 366
[549, 343, 283, 211]

1742 420
[721, 205, 281, 218]

1743 340
[740, 231, 200, 179]

1744 463
[720, 267, 253, 233]

1745 568
[619, 417, 369, 173]

1746 239
[550, 197, 306, 196]

1747 414
[638, 204, 366, 216]

1748 732
[398, 354, 783, 207]

1749 465
[696, 312, 250, 217]

1750 439
[700, 294, 220, 235]

1751 769
[803, 423, 292, 261]

1752 299
[697, 242, 181, 189]

1753 879
[916, 338, 367, 268]

1754 685
[807, 374, 282, 232]

1755 821
[991, 340, 296, 214]

1756 779
[871, 356, 290, 272]

1757 453
[803, 249, 191, 220]

1758 793
[913, 413, 257, 220]

1759 802
[816, 393, 358, 245]

1760 3561
[816, 311, 222, 212]

1761 3934
[1076, 469, 162, 227]

1762 3430
[725, 256, 212, 217]

1763 753
[867, 449, 201, 246]

1764 511
[744, 354, 241, 182]

1765 387
[623, 344, 225, 205]

1766 3816
[861, 479, 245, 211]

1767 877
[695, 654, 322, 216]

1768 749
[321, 322, 940, 186]

1769 3940
[927, 558, 194, 241]

1770 4116
[938, 730, 228, 200]

1771 862
[499, 782, 400, 191]

1772 3638
[824, 328, 224, 222]

1773 1131
[866, 537, 363, 375]

1774 3621
[607, 395, 303, 296]

1775 855
[501, 682, 398, 284]

1776 3507
[518, 479, 277, 213]

1777 1082
[794, 671, 305, 322]

1778 3870
[897, 463, 238, 247]

1779 837
[902, 326, 327, 292]

1780 1086
[1048, 429, 382, 237]

1781 691
[493, 704, 286, 218]

1782 718
[543, 645, 303, 247]

1783 848
[712, 545, 365, 231]

1784 3942
[773, 702, 240, 207]

1785 760
[976, 320, 222, 252]

1786 3512
[734, 268, 257, 233]

1787 600
[854, 221, 292, 243]

1788 3800
[738, 579, 222, 241]

1789 3929
[721, 595, 314, 279]

1790 861
[1021, 337, 277, 236]

1791 3476
[646, 218, 340, 272]

1792 443
[293, 210, 769, 176]

1793 448
[384, 196, 727, 151]

1794 874
[631, 503, 492, 258]

1795 986
[550, 921, 311, 209]

1796 818
[648, 450, 392, 338]

1797 688
[773, 337, 332, 256]

1798 204
[413, 181, 334, 286]

1799 534
[818, 229, 276, 221]

1800 579
[614, 349, 405, 221]

1801 640
[780, 283, 345, 242]

1802 899
[660, 440, 568, 241]

1803 3818
[895, 262, 417, 224]

1804 632
[632, 403, 424, 193]

1805 187
[497, 238, 282, 180]

1806 415
[349, 258, 622, 196]

1807 194
[582, 213, 220, 189]

1808 -239
[288, 164, 171, 148]

1809 37
[461, 170, 204, 212]

1810 790
[647, 429, 447, 277]

1811 127
[538, 181, 220, 198]

1812 514
[636, 261, 354, 273]

1813 759
[718, 248, 451, 352]

1814 828
[787, 390, 367, 294]

1815 631
[548, 358, 481, 254]

1816 3585
[808, 173, 297, 287]

1817 536
[466, 243, 649, 188]

1818 3780
[823, 383, 341, 213]

1819 667
[741, 335, 352, 249]

1820 562
[765, 303, 293, 211]

1821 807
[629, 513, 409, 266]

1822 837
[673, 585, 337, 252]

1823 993
[746, 662, 347, 248]

1824 407
[719, 226, 262, 205]

1825 225
[610, 251, 175, 199]

1826 747
[849, 367, 331, 220]

1827 1146
[836, 708, 393, 219]

1828 923
[752, 505, 459, 212]

1829 743
[775, 400, 337, 241]

1830 840
[818, 375, 412, 245]

1831 938
[873, 358, 472, 245]

1832 773
[673, 320, 498, 292]

1833 869
[755, 315, 567, 242]

1834 877
[781, 392, 485, 229]

1835 3577
[836, 263, 279, 194]

1836 1096
[876, 604, 358, 268]

1837 4361
[1187, 575, 395, 184]

1838 4216
[1261, 417, 301, 197]

1839 3960
[993, 379, 331, 237]

1840 891
[686, 519, 415, 281]

1841 622
[809, 328, 206, 289]

1842 896
[1101, 305, 238, 262]

1843 715
[623, 382, 457, 263]

1844 306
[264, 142, 756, 164]

1845 865
[298, 497, 914, 166]

1846 896
[276, 496, 981, 153]

1847 658
[793, 483, 201, 191]

1848 444
[488, 319, 323, 324]

1849 588
[523, 258, 618, 199]

1850 978
[513, 962, 291, 217]

1851 635
[635, 435, 307, 258]

1852 412
[552, 211, 378, 281]

1853 526
[639, 292, 381, 224]

1854 719
[394, 838, 281, 211]

1855 237
[579, 184, 271, 213]

1856 843
[659, 451, 551, 192]

1857 348
[530, 304, 346, 178]

1858 453
[723, 198, 350, 192]

1859 783
[721, 451, 367, 254]

1860 501
[639, 288, 371, 213]

1861 698
[744, 357, 384, 223]

1862 532
[603, 390, 305, 244]

1863 1019
[981, 511, 306, 231]

1864 649
[684, 253, 479, 243]

1865 145
[529, 204, 202, 220]

1866 610
[785, 332, 261, 242]

1867 3820
[896, 319, 296, 309]

1868 3955
[833, 356, 484, 262]

1869 594
[763, 306, 330, 215]

1870 963
[659, 751, 360, 203]

1871 749
[736, 323, 433, 267]

1872 613
[705, 457, 254, 207]

1873 1212
[953, 722, 201, 346]

1874 4046
[1127, 462, 174, 283]

1875 601
[885, 279, 172, 275]

1876 631
[784, 445, 194, 218]

1877 855
[996, 417, 193, 269]

1878 481
[610, 303, 186, 392]

1879 493
[706, 246, 170, 381]

1880 230
[556, 207, 154, 323]

1881 193
[487, 196, 176, 344]

1882 654
[756, 312, 194, 402]

1883 976
[756, 473, 196, 561]

1884 3814
[818, 333, 157, 481]

1885 127
[442, 255, 179, 256]

1886 1162
[1056, 540, 185, 386]

1887 911
[818, 372, 208, 523]

1888 98
[496, 222, 139, 251]

1889 455
[595, 241, 259, 370]

1890 3681
[751, 277, 276, 357]

1891 3747
[799, 289, 327, 307]

1892 3235
[558, 189, 257, 211]

1893 433
[313, 260, 705, 165]

1894 277
[437, 235, 426, 189]

1895 927
[789, 401, 493, 254]

1896 187
[184, 155, 717, 141]

1897 364
[694, 226, 246, 208]

1898 459
[606, 282, 381, 210]

1899 3708
[851, 355, 242, 240]

1900 4183
[922, 515, 213, 513]

1901 3948
[775, 416, 300, 457]

1902 576
[819, 322, 222, 223]

1903 712
[732, 242, 267, 481]

1904 359
[673, 268, 205, 223]

1905 -317
[290, 160, 115, 128]

1906 487
[475, 254, 509, 259]

1907 906
[506, 329, 726, 355]

1908 456
[285, 168, 853, 160]

1909 592
[640, 332, 385, 245]

1910 477
[655, 305, 294, 228]

1911 3564
[825, 292, 220, 227]

1912 703
[1040, 295, 174, 204]

1913 523
[761, 322, 272, 178]

1914 3800
[999, 382, 191, 208]

1915 523
[833, 268, 243, 189]

1916 64
[489, 201, 183, 201]

1917 664
[948, 303, 211, 212]

1918 -95
[445, 201, 133, 136]

1919 595
[648, 239, 524, 194]

1920 3260
[624, 263, 184, 169]

1921 435
[357, 217, 719, 152]

1922 3649
[901, 325, 205, 198]

1923 718
[579, 371, 547, 231]

1924 514
[526, 242, 576, 180]

1925 231
[560, 315, 192, 174]

1926 314
[626, 265, 218, 215]

1927 622
[687, 391, 361, 193]

1928 739
[845, 379, 301, 224]

1929 506
[715, 309, 299, 193]

1930 608
[698, 319, 401, 200]

1931 607
[577, 361, 477, 212]

1932 610
[600, 380, 436, 204]

1933 902
[804, 520, 357, 231]

1934 3855
[532, 666, 471, 166]

1935 3914
[885, 536, 246, 237]

1936 987
[749, 552, 489, 207]

1937 381
[447, 238, 503, 203]

1938 393
[506, 242, 439, 216]

1939 223
[415, 226, 400, 192]

1940 716
[902, 372, 243, 209]

1941 546
[729, 315, 200, 322]

1942 737
[791, 391, 261, 304]

1943 3712
[796, 403, 216, 277]

1944 1078
[848, 730, 247, 263]

1945 951
[1104, 356, 233, 268]

1946 1014
[1021, 521, 228, 249]

1947 3535
[699, 246, 364, 206]

1948 3684
[495, 330, 600, 239]

1949 558
[568, 298, 529, 173]

1950 255
[285, 147, 700, 133]

1951 480
[695, 379, 213, 203]

1952 1131
[1042, 531, 262, 306]

1953 814
[685, 517, 391, 231]

1954 639
[762, 340, 348, 199]

1955 606
[675, 368, 377, 196]

1956 741
[709, 404, 414, 224]

1957 817
[962, 487, 209, 169]

1958 3646
[865, 364, 194, 223]

1959 3612
[899, 334, 192, 167]

1960 3690
[894, 441, 158, 177]

1961 3905
[983, 524, 211, 187]

1962 632
[851, 405, 205, 181]

1963 812
[757, 553, 323, 189]

1964 1014
[938, 602, 272, 212]

1965 870
[977, 499, 189, 215]

1966 1118
[930, 696, 289, 213]

1967 3643
[863, 338, 231, 191]

1968 4155
[1010, 718, 230, 197]

1969 732
[632, 594, 314, 202]

1970 680
[204, 234, 1099, 153]

1971 947
[826, 487, 399, 245]

1972 706
[696, 262, 552, 206]

1973 499
[376, 233, 705, 195]

1974 1249
[821, 644, 568, 226]

1975 3979
[931, 515, 296, 217]

1976 3588
[829, 381, 169, 189]

1977 3806
[753, 549, 245, 239]

1978 3979
[858, 547, 312, 242]

1979 727
[673, 369, 481, 214]

1980 720
[734, 390, 389, 217]

1981 926
[816, 436, 459, 225]

1982 785
[783, 475, 261, 276]

1983 806
[529, 303, 766, 213]

1984 873
[750, 377, 399, 357]

1985 426
[463, 242, 495, 236]

1986 298
[321, 178, 605, 204]

1987 617
[631, 235, 466, 295]

1988 440
[643, 296, 285, 226]

1989 1108
[1139, 427, 348, 204]

1990 1074
[1050, 630, 222, 182]

1991 3837
[996, 406, 221, 194]

1992 3952
[859, 670, 231, 172]

1993 949
[963, 399, 413, 184]

1994 361
[596, 373, 210, 192]

1995 3705
[828, 439, 209, 229]

1996 3415
[737, 309, 177, 187]

1997 1086
[856, 807, 226, 207]

1998 637
[835, 448, 186, 178]

1999 1243
[907, 725, 353, 268]

2000 3963
[1020, 479, 243, 201]

2001 771
[899, 479, 205, 198]

2002 955
[951, 526, 244, 244]

2003 3555
[793, 325, 230, 182]

2004 760
[822, 403, 314, 231]

2005 717
[786, 336, 368, 237]

2006 772
[1090, 326, 184, 182]

2007 357
[722, 280, 176, 189]

2008 422
[781, 274, 184, 193]

2009 3754
[1068, 294, 198, 194]

2010 753
[828, 502, 195, 238]

2011 719
[836, 326, 205, 362]

2012 710
[731, 535, 162, 292]

2013 3416
[701, 327, 186, 182]

2014 3698
[849, 446, 204, 194]

2015 878
[877, 566, 207, 238]

2016 4229
[1237, 627, 163, 182]

2017 1414
[1132, 854, 205, 233]

2018 3367
[622, 341, 196, 188]

2019 3877
[967, 463, 215, 212]

2020 1229
[882, 686, 389, 282]

2021 1035
[823, 524, 497, 201]

2022 821
[911, 413, 311, 196]

2023 784
[906, 380, 277, 231]

2024 919
[884, 454, 337, 254]

2025 3665
[629, 327, 464, 225]

2026 3594
[816, 237, 267, 254]

2027 620
[794, 305, 287, 244]

2028 756
[922, 262, 337, 245]

2029 510
[772, 246, 297, 215]

2030 25
[461, 207, 173, 194]

2031 337
[735, 253, 191, 168]

2032 3525
[792, 291, 203, 219]

2033 210
[573, 282, 152, 213]

2034 796
[1024, 330, 213, 239]

2035 887
[1030, 428, 209, 230]

2036 922
[927, 587, 199, 219]

2037 818
[894, 402, 301, 231]

2038 650
[834, 290, 294, 242]

2039 798
[790, 436, 361, 231]

2040 684
[723, 460, 302, 209]

2041 544
[736, 292, 315, 211]

2042 3601
[812, 315, 230, 224]

2043 3774
[982, 351, 206, 215]

2044 3548
[823, 306, 193, 206]

2045 1138
[902, 709, 343, 194]

2046 3705
[800, 440, 222, 223]

2047 3417
[707, 312, 190, 188]

2048 3904
[939, 532, 225, 188]

2049 689
[756, 482, 245, 216]

2050 919
[947, 481, 267, 234]

2051 513
[708, 385, 221, 209]

2052 667
[884, 374, 206, 213]

2053 915
[1070, 431, 245, 179]

2054 508
[736, 360, 236, 196]

2055 615
[692, 399, 305, 229]

2056 3707
[943, 320, 230, 194]

2057 725
[855, 440, 258, 182]

2058 920
[826, 502, 390, 212]

2059 672
[930, 323, 230, 199]

2060 1027
[1061, 511, 272, 193]

2061 3641
[883, 384, 181, 173]

2062 3658
[869, 361, 199, 209]

2063 861
[883, 556, 219, 213]

2064 916
[966, 496, 266, 198]

2065 3947
[971, 536, 211, 204]

2066 3918
[1053, 449, 216, 180]

2067 3944
[1061, 449, 207, 207]

2068 3721
[892, 443, 178, 188]

2069 3597
[812, 377, 187, 201]

2070 708
[835, 456, 203, 224]

2071 3643
[861, 356, 207, 199]

2072 727
[839, 438, 254, 206]

2073 3769
[1043, 327, 200, 179]

2074 4045
[1138, 517, 210, 180]

2075 532
[768, 372, 218, 184]

2076 3575
[836, 302, 185, 232]

2077 764
[913, 357, 242, 262]

2078 4226
[1069, 658, 256, 243]

2079 3473
[691, 301, 167, 314]

2080 557
[707, 242, 180, 438]

2081 4085
[937, 591, 202, 335]

2082 726
[778, 438, 166, 354]

2083 3951
[1076, 417, 228, 205]

2084 3657
[759, 399, 227, 252]

2085 4181
[1054, 629, 227, 246]

2086 4137
[1048, 549, 201, 319]

2087 4077
[896, 598, 202, 361]

2088 3496
[733, 326, 185, 252]

2089 3831
[1064, 343, 187, 217]

2090 967
[1040, 505, 211, 221]

2091 3526
[734, 391, 181, 220]

2092 3786
[946, 380, 200, 240]

2093 822
[761, 337, 315, 419]

2094 773
[881, 356, 380, 166]

2095 3515
[833, 295, 197, 190]

2096 449
[495, 310, 494, 160]

2097 658
[527, 291, 665, 180]

2098 975
[808, 565, 422, 190]

2099 781
[716, 346, 527, 212]

2100 700
[665, 424, 395, 221]

2101 1105
[897, 628, 382, 208]

2102 3670
[867, 332, 227, 219]

2103 4144
[1155, 510, 265, 194]

2104 3632
[781, 415, 237, 179]

2105 3584
[927, 266, 208, 163]

2106 974
[1021, 424, 319, 220]

2107 680
[900, 300, 314, 176]

2108 3889
[812, 539, 238, 280]

2109 3898
[981, 497, 194, 206]

2110 3600
[823, 337, 195, 205]

2111 3749
[892, 430, 219, 208]

2112 662
[896, 347, 229, 195]

2113 3907
[1087, 398, 212, 210]

2114 456
[718, 376, 170, 202]

2115 3885
[964, 410, 214, 272]

2116 608
[754, 296, 169, 399]

2117 632
[705, 250, 244, 443]

2118 513
[403, 213, 686, 221]

2119 618
[647, 197, 606, 178]

2120 409
[579, 238, 391, 211]

2121 550
[753, 299, 283, 225]

2122 813
[681, 579, 317, 246]

2123 1127
[1116, 614, 175, 232]

2124 3852
[970, 490, 175, 197]

2125 853
[867, 563, 205, 223]

2126 560
[773, 276, 316, 205]

2127 3687
[814, 227, 452, 174]

2128 919
[839, 591, 282, 217]

2129 753
[640, 452, 474, 197]

2130 632
[588, 479, 413, 162]

2131 981
[512, 547, 731, 201]

2132 679
[715, 385, 388, 201]

2133 470
[650, 361, 274, 195]

2134 4053
[1018, 403, 394, 218]

2135 672
[815, 378, 285, 204]

2136 669
[857, 359, 273, 190]

2137 1452
[1010, 838, 408, 206]

2138 3988
[949, 561, 233, 225]

2139 780
[828, 383, 352, 227]

2140 927
[998, 499, 263, 187]

2141 937
[903, 612, 209, 223]

2142 1261
[881, 902, 235, 253]

2143 3824
[928, 512, 199, 185]

2144 1034
[1026, 534, 243, 241]

2145 3974
[1056, 511, 208, 199]

2146 3903
[703, 677, 272, 231]

2147 1052
[616, 953, 267, 221]

2148 4045
[1071, 540, 210, 204]

2149 793
[989, 458, 189, 177]

2150 468
[585, 181, 516, 196]

2151 323
[460, 203, 486, 184]

2152 605
[320, 244, 878, 173]

2153 600
[660, 351, 407, 202]

2154 651
[587, 355, 517, 202]

2155 916
[670, 573, 480, 223]

2156 761
[751, 580, 226, 214]

2157 1154
[772, 558, 635, 199]

2158 3807
[910, 520, 174, 183]

2159 1049
[855, 475, 555, 174]

2160 1071
[642, 658, 532, 249]

2161 573
[489, 371, 510, 213]

2162 678
[786, 409, 286, 217]

2163 855
[831, 409, 383, 242]

2164 762
[769, 429, 369, 205]

2165 3554
[777, 349, 215, 193]

2166 3549
[772, 396, 189, 172]

2167 635
[761, 310, 364, 205]

2168 716
[1038, 295, 208, 185]

2169 540
[915, 272, 176, 187]

2170 901
[988, 412, 299, 212]

2171 565
[728, 223, 382, 242]

2172 495
[538, 250, 476, 241]

2173 650
[752, 256, 429, 223]

2174 705
[796, 314, 406, 199]

2175 754
[879, 467, 217, 201]

2176 3701
[959, 308, 208, 206]

2177 771
[1060, 297, 217, 207]

2178 545
[889, 320, 165, 181]

2179 643
[966, 327, 190, 170]

2180 613
[971, 267, 174, 211]

2181 3788
[991, 318, 227, 232]

2182 514
[802, 379, 167, 176]

2183 689
[880, 294, 202, 323]

2184 3577
[773, 299, 177, 308]

2185 661
[686, 412, 227, 346]

2186 741
[938, 409, 214, 190]

2187 533
[800, 321, 211, 211]

2188 798
[960, 369, 243, 236]

2189 835
[957, 364, 279, 245]

2190 3657
[855, 294, 253, 235]

2191 918
[1201, 307, 222, 198]

2192 3640
[963, 278, 171, 203]

2193 1004
[949, 485, 237, 343]

2194 3740
[911, 451, 179, 179]

2195 3704
[881, 404, 193, 206]

2196 3896
[884, 410, 333, 244]

2197 645
[922, 340, 193, 200]

2198 3944
[1024, 463, 244, 213]

2199 3868
[903, 466, 267, 212]

2200 573
[669, 278, 434, 202]

2201 614
[666, 240, 518, 200]

2202 280
[677, 169, 248, 196]

2203 3784
[999, 311, 234, 200]

2204 3784
[998, 346, 230, 190]

2205 819
[972, 436, 207, 214]

2206 446
[482, 285, 491, 198]

2207 761
[569, 357, 657, 188]

2208 182
[320, 158, 534, 180]

2209 416
[358, 166, 756, 156]

2210 581
[556, 285, 577, 173]

2211 3795
[930, 427, 227, 191]

2212 845
[981, 397, 271, 201]

2213 873
[959, 501, 244, 189]

2214 3864
[994, 458, 198, 189]

2215 468
[710, 357, 204, 207]

2216 1016
[984, 571, 291, 180]

2217 3534
[818, 331, 212, 173]

2218 954
[1041, 368, 385, 170]

2219 3980
[1139, 404, 204, 193]

2220 1147
[1042, 702, 199, 214]

2221 736
[813, 518, 197, 228]

2222 1021
[1002, 604, 218, 207]

2223 673
[893, 418, 192, 180]

2224 3860
[982, 435, 199, 224]

2225 4099
[1186, 487, 205, 201]

2226 3984
[1115, 470, 187, 192]

2227 911
[892, 567, 242, 220]

2228 805
[897, 483, 212, 223]

2229 3901
[887, 591, 201, 202]

2230 3892
[1002, 434, 227, 209]

2231 866
[915, 585, 186, 190]

2232 903
[863, 672, 204, 184]

2233 160
[549, 313, 146, 162]

2234 3997
[976, 615, 215, 191]

2235 4116
[1060, 633, 201, 202]

2236 3875
[919, 574, 215, 167]

2237 3707
[974, 368, 170, 175]

2238 3635
[865, 401, 182, 167]

2239 3983
[972, 581, 206, 204]

2240 4314
[1159, 750, 209, 176]

2241 4367
[1260, 687, 184, 216]

2242 3883
[1004, 513, 167, 174]

2243 3843
[1011, 444, 183, 185]

2244 3848
[946, 484, 217, 181]

2245 3705
[961, 384, 168, 192]

2246 3545
[862, 330, 167, 161]

2247 3702
[940, 367, 179, 196]

2248 3532
[739, 373, 188, 212]

2249 4089
[1154, 499, 206, 210]

2250 3816
[934, 447, 185, 230]

2251 4262
[1374, 546, 171, 171]

2252 478
[777, 332, 201, 178]

2253 3755
[938, 413, 211, 173]

2254 400
[685, 329, 191, 205]

2255 4058
[955, 672, 205, 206]

2256 3883
[938, 525, 194, 206]

2257 3807
[964, 473, 171, 179]

2258 3918
[1162, 389, 173, 174]

2259 655
[819, 444, 212, 190]

2260 866
[899, 513, 211, 253]

2261 3267
[620, 280, 172, 175]

2262 924
[916, 600, 191, 227]

2263 699
[912, 388, 183, 226]

2264 3766
[960, 410, 187, 189]

2265 3557
[796, 392, 156, 193]

2266 3618
[864, 332, 194, 208]

2267 4110
[1069, 624, 183, 214]

2268 3996
[1081, 482, 234, 179]

2269 3952
[971, 562, 176, 223]

2270 3891
[1111, 358, 180, 222]

2271 830
[857, 558, 196, 229]

2272 1170
[838, 936, 201, 205]

2273 3741
[962, 396, 176, 187]

2274 824
[985, 501, 175, 173]

2275 625
[742, 511, 183, 199]

2276 729
[864, 500, 185, 195]

2277 878
[894, 566, 233, 195]

2278 881
[939, 569, 183, 205]

2279 782
[1089, 354, 184, 165]

2280 4075
[1017, 635, 202, 201]

2281 3825
[926, 479, 195, 205]

2282 1130
[983, 773, 167, 217]

2283 3933
[904, 508, 207, 294]

2284 1166
[964, 761, 214, 237]

2285 4046
[957, 632, 223, 214]

2286 726
[949, 380, 186, 221]

2287 628
[952, 325, 188, 173]

2288 523
[848, 317, 188, 180]

2289 3645
[862, 352, 218, 193]

2290 601
[836, 353, 214, 203]

2291 640
[929, 344, 179, 198]

2292 796
[1094, 362, 180, 170]

2293 4071
[1162, 478, 211, 200]

2294 3995
[1075, 494, 229, 197]

2295 3494
[769, 300, 196, 209]

2296 3853
[1135, 373, 168, 157]

2297 684
[795, 439, 213, 247]

2298 4013
[1054, 476, 159, 314]

2299 890
[819, 499, 211, 371]

2300 516
[878, 223, 189, 236]

2301 635
[756, 347, 190, 352]

2302 334
[535, 253, 186, 370]

2303 275
[484, 290, 168, 343]

2304 3802
[996, 299, 202, 285]

2305 634
[834, 315, 197, 298]

2306 3858
[983, 448, 208, 199]

2307 3797
[895, 450, 223, 209]

2308 721
[798, 535, 180, 218]

2309 4045
[991, 519, 251, 264]

2310 3804
[953, 450, 189, 192]

2311 886
[840, 476, 178, 402]

2312 1056
[897, 550, 246, 373]

2313 691
[906, 398, 178, 219]

2314 1051
[1008, 614, 163, 276]

2315 3656
[990, 299, 182, 185]

2316 3708
[863, 395, 212, 218]

2317 3466
[754, 345, 189, 158]

2318 3233
[591, 260, 183, 179]

2319 1446
[1199, 797, 202, 258]

2320 4026
[1115, 535, 179, 177]

2321 3912
[966, 548, 199, 179]

2322 3965
[1051, 492, 199, 203]

2323 909
[1121, 423, 213, 182]

2324 3750
[888, 437, 210, 215]

2325 937
[980, 451, 298, 218]

2326 3832
[985, 430, 209, 188]

2327 4184
[1115, 616, 219, 214]

2328 3756
[1030, 343, 173, 190]

2329 3948
[1058, 465, 203, 202]

2330 3449
[735, 299, 204, 191]

2331 814
[811, 598, 216, 199]

2332 4056
[1062, 603, 177, 194]

2333 3964
[1160, 423, 198, 183]

2334 3672
[860, 401, 206, 185]

2335 974
[1152, 462, 189, 181]

2336 4044
[861, 761, 188, 214]

2337 664
[845, 476, 170, 183]

2338 4414
[1190, 801, 199, 179]

2339 3956
[941, 567, 221, 207]

2340 713
[788, 520, 213, 202]

2341 3631
[926, 316, 185, 184]

2342 4082
[1057, 630, 191, 184]

2343 4342
[1010, 884, 217, 211]

2344 4134
[1037, 722, 185, 190]

2345 3540
[752, 346, 225, 197]

2346 4161
[1133, 539, 192, 277]

2347 1244
[1118, 753, 186, 197]

2348 3725
[923, 424, 186, 192]

2349 3845
[908, 451, 202, 264]

2350 1003
[856, 598, 189, 370]

2351 3654
[837, 371, 222, 204]

2352 704
[787, 486, 174, 267]

2353 3694
[950, 385, 170, 169]

2354 3740
[997, 362, 186, 170]

2355 1088
[1102, 596, 210, 190]

2356 3786
[998, 387, 180, 201]

2357 3660
[913, 332, 216, 179]

2358 1223
[1047, 786, 234, 176]

2359 3836
[902, 528, 183, 203]

2360 3695
[866, 403, 200, 181]

2361 3701
[788, 474, 199, 215]

2362 3727
[929, 411, 193, 174]

2363 775
[1003, 386, 201, 195]

2364 767
[1056, 407, 132, 182]

2365 3842
[910, 541, 181, 190]

2366 515
[883, 269, 178, 195]

2367 3840
[954, 440, 227, 199]

2368 3785
[939, 471, 172, 198]

2369 3523
[823, 306, 193, 201]

2370 1081
[1028, 674, 197, 192]

2371 3839
[1006, 389, 245, 199]

2372 531
[653, 201, 506, 176]

2373 224
[564, 158, 257, 255]

2374 514
[631, 208, 406, 279]

2375 674
[726, 244, 314, 400]

2376 557
[719, 285, 214, 349]

2377 451
[639, 253, 400, 179]

2378 537
[475, 266, 605, 201]

2379 639
[601, 321, 531, 196]

2380 895
[677, 464, 560, 204]

2381 723
[718, 433, 398, 184]

2382 762
[1026, 366, 189, 191]

2383 3559
[738, 337, 224, 215]

2384 1275
[1266, 466, 323, 230]

2385 903
[936, 483, 255, 234]

2386 820
[928, 432, 278, 192]

2387 641
[854, 364, 214, 199]

2388 4148
[1014, 523, 353, 238]

2389 1280
[773, 676, 626, 215]

2390 3801
[1055, 291, 234, 201]

2391 4090
[835, 502, 341, 387]

2392 3858
[914, 536, 194, 184]

2393 728
[715, 369, 194, 460]

2394 344
[542, 209, 215, 388]

2395 69
[427, 177, 183, 292]

2396 -85
[384, 181, 158, 212]

2397 573
[719, 242, 165, 457]

2398 3698
[725, 300, 219, 429]

2399 3347
[636, 285, 172, 234]

2400 670
[675, 370, 207, 428]

2401 743
[766, 434, 222, 331]

2402 799
[957, 338, 220, 294]

2403 968
[957, 502, 186, 333]

2404 3738
[861, 411, 203, 243]

2405 764
[842, 346, 266, 320]

2406 3512
[733, 351, 201, 207]

2407 3573
[771, 401, 183, 193]

2408 3939
[921, 456, 203, 339]

2409 3812
[977, 388, 211, 216]

2410 839
[1099, 344, 205, 201]

2411 3494
[817, 281, 185, 191]

2412 1082
[1046, 600, 214, 232]

2413 843
[792, 448, 355, 268]

2414 1055
[755, 586, 465, 269]

2415 3723
[696, 310, 556, 141]

2416 3631
[876, 360, 189, 186]

2417 968
[997, 392, 371, 218]

2418 904
[985, 504, 240, 185]

2419 3479
[721, 365, 173, 200]

2420 4117
[1073, 583, 218, 223]

2421 4025
[1014, 573, 188, 225]

2422 3575
[854, 300, 209, 192]

2423 1016
[923, 649, 230, 224]

2424 515
[647, 269, 409, 210]

2425 996
[952, 580, 300, 174]

2426 4107
[1018, 629, 243, 212]

2427 1257
[1077, 799, 224, 177]

2428 3693
[850, 440, 196, 187]

2429 838
[669, 290, 674, 210]

2430 805
[782, 401, 439, 193]

2431 780
[543, 356, 702, 189]

2432 796
[942, 417, 267, 180]

2433 4061
[1048, 596, 204, 193]

2434 879
[994, 492, 217, 186]

2435 718
[852, 336, 344, 196]

2436 1069
[1257, 367, 257, 193]

2437 894
[836, 470, 397, 201]

2438 3633
[863, 349, 204, 197]

2439 3594
[842, 341, 199, 192]

2440 3498
[772, 319, 179, 208]

2441 1258
[1045, 687, 330, 201]

2442 3832
[956, 449, 203, 184]

2443 3939
[961, 573, 196, 189]

2444 3909
[910, 564, 202, 208]

2445 3672
[926, 367, 169, 190]

2446 811
[939, 475, 227, 180]

2447 1045
[993, 668, 196, 198]

2448 3749
[877, 439, 207, 206]

2449 3607
[846, 341, 210, 190]

2450 632
[945, 292, 205, 210]

2451 3945
[941, 612, 189, 178]

2452 505
[577, 592, 191, 155]

2453 1235
[1197, 560, 279, 209]

2454 1214
[668, 1094, 279, 183]

2455 3564
[848, 296, 217, 183]

2456 3923
[958, 545, 193, 207]

2457 3656
[887, 346, 211, 192]

2458 3679
[875, 408, 183, 188]

2459 3980
[936, 632, 188, 204]

2460 4064
[1015, 632, 204, 193]

2461 3733
[948, 361, 180, 204]

2462 3518
[803, 280, 211, 204]

2463 970
[1032, 563, 199, 186]

2464 4263
[1215, 626, 230, 172]

2465 3979
[1105, 480, 211, 163]

2466 4111
[956, 568, 359, 208]

2467 1136
[1239, 524, 210, 183]

2468 3606
[845, 417, 168, 156]

2469 3449
[696, 351, 205, 177]

2470 4091
[999, 651, 215, 206]

2471 475
[547, 226, 517, 195]

2472 467
[329, 193, 812, 143]

2473 647
[738, 406, 324, 189]

2474 1089
[801, 572, 538, 188]

2475 3969
[836, 706, 240, 182]

2476 4141
[934, 578, 411, 198]

2477 1168
[907, 615, 462, 194]

2478 969
[989, 499, 213, 278]

2479 4353
[1204, 745, 187, 197]

2480 3617
[840, 360, 213, 184]

2481 3679
[749, 493, 206, 211]

2482 3974
[930, 669, 153, 202]

2483 3730
[952, 393, 184, 181]

2484 3425
[805, 246, 171, 183]

2485 697
[716, 575, 204, 212]

2486 3439
[771, 263, 195, 190]

2487 4027
[1041, 553, 202, 211]

2488 3906
[1056, 465, 181, 199]

2489 1001
[1113, 535, 157, 206]

2490 4245
[1086, 727, 213, 199]

2491 1212
[1295, 563, 180, 184]

2492 3671
[859, 384, 215, 193]

2493 3968
[993, 553, 194, 208]

2494 3781
[916, 419, 216, 210]

2495 3705
[805, 518, 184, 198]

2496 1036
[937, 702, 206, 196]

2497 174
[561, 286, 168, 169]

2498 696
[810, 493, 193, 210]

2499 768
[828, 519, 194, 237]

2500 3571
[768, 341, 187, 235]

2501 3679
[797, 397, 215, 250]

2502 3066
[505, 251, 129, 161]

2503 1147
[951, 786, 189, 231]

2504 218
[501, 362, 156, 209]

2505 3842
[970, 456, 199, 197]

2506 3636
[799, 358, 259, 200]

2507 1006
[575, 687, 532, 222]

2508 3913
[966, 478, 265, 204]

2509 3545
[895, 232, 218, 175]

2510 938
[1041, 440, 257, 210]

2511 953
[800, 640, 312, 211]

2512 951
[858, 589, 314, 200]

2513 920
[802, 622, 279, 227]

2514 674
[791, 372, 285, 236]

2515 855
[838, 399, 244, 384]

2516 885
[897, 488, 210, 300]

2517 71
[498, 169, 253, 161]

2518 212
[493, 224, 216, 289]

2519 554
[532, 446, 203, 383]

2520 758
[778, 530, 231, 229]

2521 813
[1024, 311, 195, 293]

2522 908
[1013, 427, 213, 265]

2523 3972
[1031, 515, 194, 212]

2524 1051
[1105, 502, 228, 226]

2525 857
[1051, 451, 197, 168]

2526 4015
[995, 607, 189, 199]

2527 3844
[1015, 424, 192, 193]

2528 4488
[1338, 703, 222, 205]

2529 4173
[1050, 739, 170, 194]

2530 3715
[947, 356, 188, 204]

2531 3948
[963, 615, 177, 173]

2532 3442
[776, 320, 170, 176]

2533 3551
[767, 361, 204, 199]

2534 4044
[1137, 528, 189, 190]

2535 3953
[950, 593, 193, 217]

2536 4411
[966, 997, 214, 209]

2537 3776
[902, 460, 198, 216]

2538 3675
[839, 438, 195, 203]

2539 3684
[910, 344, 199, 211]

2540 916
[1011, 517, 170, 228]

2541 4126
[1013, 726, 205, 177]

2542 3505
[748, 228, 279, 230]

2543 -333
[245, 116, 207, 109]

2544 133
[484, 143, 231, 285]

2545 673
[842, 379, 232, 240]

2546 3647
[666, 510, 258, 208]

2547 3823
[855, 492, 251, 205]

2548 3605
[845, 308, 223, 209]

2549 890
[830, 529, 260, 276]

2550 3620
[860, 381, 185, 174]

2551 3527
[794, 374, 166, 168]

2552 568
[767, 396, 216, 199]

2553 4037
[1028, 597, 200, 192]

2554 3597
[814, 383, 199, 176]

2555 3581
[850, 309, 199, 198]

2556 1011
[936, 656, 197, 232]

2557 4240
[1037, 756, 210, 217]

2558 3624
[900, 353, 161, 190]

2559 3541
[850, 348, 158, 165]

2560 4017
[1018, 571, 201, 207]

2561 3623
[904, 337, 182, 180]

2562 1072
[1042, 628, 187, 225]

2563 3759
[978, 400, 170, 186]

2564 3719
[913, 414, 194, 198]

2565 3807
[938, 460, 195, 189]

2566 3526
[426, 705, 191, 179]

2567 3632
[871, 360, 185, 196]

2568 4076
[1077, 610, 194, 175]

2569 3718
[890, 453, 162, 193]

2570 4097
[1183, 563, 171, 160]

2571 948
[1057, 543, 181, 177]

2572 3876
[890, 619, 170, 197]

2573 3600
[818, 354, 198, 210]

2574 3665
[861, 376, 198, 210]

2575 452
[645, 433, 216, 168]

2576 1432
[1084, 967, 198, 193]

2577 570
[857, 357, 182, 184]

2578 4094
[1098, 601, 178, 197]

2579 1145
[1018, 711, 217, 209]

2580 3335
[668, 270, 184, 188]

2581 3617
[858, 339, 217, 183]

2582 685
[849, 485, 188, 173]

2583 949
[1007, 506, 271, 175]

2584 3792
[929, 476, 182, 180]

2585 3553
[835, 298, 177, 203]

2586 3688
[863, 375, 205, 220]

2587 708
[904, 394, 241, 179]

2588 3647
[862, 365, 236, 179]

2589 3765
[938, 417, 212, 178]

2590 1116
[1069, 569, 280, 208]

2591 770
[745, 467, 337, 241]

2592 694
[827, 352, 288, 237]

2593 3988
[1094, 453, 230, 191]

2594 247
[418, 279, 352, 208]

2595 456
[643, 254, 256, 323]

2596 650
[711, 430, 307, 212]

2597 621
[748, 457, 224, 197]

2598 553
[295, 339, 753, 186]

2599 624
[498, 173, 772, 191]

2600 298
[444, 136, 561, 167]

2601 481
[225, 222, 874, 170]

2602 558
[653, 293, 405, 217]

2603 533
[782, 374, 217, 170]

2604 841
[942, 510, 218, 181]

2605 572
[799, 364, 252, 167]

2606 928
[786, 521, 369, 262]

2607 745
[822, 485, 224, 224]

2608 872
[980, 429, 263, 210]

2609 1141
[1111, 607, 240, 193]

2610 1045
[1074, 494, 274, 213]

2611 1015
[1007, 537, 271, 210]

2612 773
[958, 453, 183, 189]

2613 1008
[1144, 483, 185, 206]

2614 3726
[960, 373, 188, 185]

2615 693
[776, 512, 207, 208]

2616 3605
[882, 329, 189, 185]

2617 4084
[944, 698, 214, 208]

2618 3635
[915, 348, 177, 195]

2619 3691
[831, 426, 195, 219]

2620 3912
[1029, 492, 196, 175]

2621 3838
[990, 477, 166, 185]

2622 3779
[953, 471, 173, 162]

2623 4064
[896, 706, 224, 218]

2624 4163
[1218, 554, 184, 167]

2625 4025
[1035, 547, 205, 218]

2626 3821
[897, 491, 215, 198]

2627 4349
[1152, 783, 201, 193]

2628 4140
[1124, 572, 209, 215]

2629 3894
[1042, 439, 194, 199]

2630 1063
[1046, 651, 198, 178]

2631 833
[937, 530, 206, 170]

2632 1159
[1092, 710, 194, 173]

2633 1036
[1137, 508, 207, 194]

2634 3723
[793, 529, 192, 189]

2635 603
[847, 363, 208, 195]

2636 3867
[1030, 433, 203, 181]

2637 3810
[926, 462, 210, 192]

2638 3631
[929, 326, 173, 183]

2639 3828
[824, 592, 195, 197]

2640 3674
[803, 446, 219, 186]

2641 3621
[822, 359, 187, 233]

2642 4237
[1006, 796, 216, 219]

2643 3778
[877, 448, 209, 224]

2644 1021
[805, 537, 197, 492]

2645 3871
[977, 478, 211, 185]

2646 3729
[837, 460, 188, 219]

2647 738
[879, 462, 203, 214]

2648 613
[836, 392, 199, 196]

2649 4086
[1055, 633, 181, 197]

2650 858
[1021, 476, 180, 191]

2651 3670
[993, 283, 183, 191]

2652 605
[875, 299, 235, 206]

2653 3654
[855, 393, 191, 195]

2654 3590
[810, 386, 193, 181]

2655 3968
[978, 587, 180, 203]

2656 3609
[863, 363, 190, 173]

2657 3989
[1040, 549, 191, 189]

2658 987
[1012, 646, 186, 153]

2659 4032
[1049, 535, 220, 203]

2660 822
[918, 499, 206, 209]

2661 849
[666, 424, 175, 594]

2662 1046
[863, 546, 213, 434]

2663 779
[993, 395, 189, 222]

2664 4144
[1002, 690, 208, 224]

2665 4092
[999, 646, 219, 208]

2666 1219
[950, 861, 193, 225]

2667 3828
[936, 498, 194, 175]

2668 576
[683, 373, 332, 198]

2669 258
[500, 211, 383, 174]

2670 520
[411, 286, 668, 165]

2671 626
[138, 256, 1122, 120]

2672 675
[677, 360, 467, 181]

2673 924
[360, 389, 1004, 181]

2674 3768
[498, 449, 612, 189]

2675 553
[337, 271, 768, 187]

2676 848
[407, 458, 787, 206]

2677 921
[808, 517, 306, 295]

2678 1006
[941, 553, 245, 267]

2679 -279
[303, 103, 153, 172]

2680 716
[858, 286, 316, 266]

2681 737
[860, 382, 229, 276]

2682 788
[949, 385, 224, 240]

2683 3658
[913, 320, 186, 219]

2684 3711
[873, 359, 198, 261]

2685 3166
[580, 207, 169, 190]

2686 856
[961, 359, 326, 220]

2687 1018
[877, 697, 194, 260]

2688 3780
[1008, 347, 189, 211]

2689 3882
[956, 503, 215, 188]

2690 897
[926, 436, 352, 193]

2691 620
[545, 260, 641, 184]

2692 4050
[1085, 540, 220, 185]

2693 3593
[846, 383, 181, 183]

2694 3797
[1035, 392, 173, 177]

2695 1361
[1145, 825, 225, 176]

2696 3672
[809, 453, 181, 209]

2697 1146
[978, 612, 392, 184]

2698 3808
[947, 438, 206, 197]

2699 4105
[1080, 591, 246, 188]

2700 1024
[1136, 506, 238, 164]

2701 835
[979, 492, 194, 180]

2702 3979
[1015, 512, 223, 209]

2703 4168
[1123, 618, 197, 205]

2704 1003
[928, 602, 253, 230]

2705 3656
[741, 445, 210, 240]

2706 3563
[679, 293, 260, 291]

2707 941
[923, 450, 379, 199]

2708 931
[879, 493, 353, 216]

2709 879
[706, 493, 531, 154]

2710 675
[888, 267, 284, 256]

2711 3709
[868, 396, 211, 214]

2712 3372
[707, 260, 175, 210]

2713 985
[1029, 465, 262, 239]

2714 3786
[941, 454, 190, 196]

2715 803
[859, 420, 220, 314]

2716 3757
[822, 360, 213, 342]

2717 1034
[966, 639, 199, 240]

2718 3434
[746, 261, 238, 189]

2719 1119
[1048, 487, 335, 259]

2720 3700
[860, 442, 190, 188]

2721 3642
[821, 360, 192, 249]

2722 1010
[1084, 550, 196, 190]

2723 688
[840, 461, 195, 202]

2724 870
[941, 506, 220, 208]

2725 1130
[948, 742, 229, 221]

2726 779
[1028, 392, 182, 187]

2727 4076
[1044, 520, 252, 240]

2728 1406
[1091, 868, 232, 225]

2729 4006
[1056, 542, 185, 203]

2730 665
[812, 287, 315, 261]

2731 853
[922, 493, 255, 193]

2732 4013
[1003, 589, 198, 203]

2733 4150
[1166, 503, 237, 224]

2734 1001
[879, 736, 218, 178]

2735 3857
[913, 461, 247, 216]

2736 1621
[1086, 1127, 210, 208]

2737 3529
[706, 386, 209, 208]

2738 1015
[1020, 629, 182, 194]

2739 3569
[843, 349, 165, 192]

2740 4249
[1058, 791, 186, 194]

2741 594
[684, 289, 162, 464]

2742 3481
[717, 276, 194, 274]

2743 110
[549, 224, 172, 175]

2744 787
[1062, 330, 201, 204]

2745 3729
[1024, 298, 183, 224]

2746 524
[910, 279, 173, 172]

2747 3654
[928, 328, 189, 184]

2748 767
[1061, 350, 180, 186]

2749 906
[1086, 458, 176, 191]

2750 965
[994, 594, 211, 176]

2751 663
[780, 473, 193, 227]

2752 3684
[833, 477, 183, 171]

2753 3542
[711, 368, 199, 244]

2754 3831
[909, 483, 216, 198]

2755 3731
[869, 460, 190, 192]

2756 675
[908, 372, 228, 177]

2757 3514
[811, 301, 199, 183]

2758 4027
[1000, 586, 211, 210]

2759 3761
[901, 456, 186, 198]

2760 3879
[930, 537, 183, 209]

2761 533
[920, 251, 181, 191]

2762 3627
[946, 320, 164, 177]

2763 3948
[1141, 407, 192, 188]

2764 3847
[1085, 379, 174, 189]

2765 3864
[1009, 489, 187, 179]

2766 3554
[818, 346, 193, 197]

2767 3842
[1025, 360, 215, 242]

2768 929
[1104, 416, 221, 198]

2769 1243
[1168, 735, 190, 160]

2770 896
[1155, 351, 204, 196]

2771 853
[967, 483, 209, 204]

2772 3737
[907, 412, 202, 196]

2773 1137
[1144, 626, 177, 200]

2774 445
[630, 344, 164, 317]

2775 3675
[791, 328, 202, 334]

2776 838
[758, 541, 199, 350]

2777 4069
[1080, 437, 207, 325]

2778 836
[1006, 350, 156, 334]

2779 3784
[966, 419, 197, 182]

2780 593
[601, 342, 453, 207]

2781 838
[730, 324, 594, 200]

2782 403
[643, 191, 357, 222]

2783 862
[437, 290, 981, 164]

2784 471
[330, 236, 728, 187]

2785 447
[290, 184, 859, 124]

2786 753
[784, 204, 544, 231]

2787 1012
[988, 511, 312, 206]

2788 916
[873, 515, 355, 183]

2789 1230
[984, 657, 377, 222]

2790 3718
[1082, 281, 160, 175]

2791 3495
[742, 314, 226, 193]

2792 3864
[944, 505, 181, 194]

2793 3640
[861, 360, 205, 194]

2794 4403
[1284, 686, 203, 210]

2795 1116
[1166, 555, 238, 167]

2796 3791
[906, 472, 198, 190]

2797 3947
[1098, 481, 179, 169]

2798 1009
[1025, 443, 356, 195]

2799 3882
[947, 436, 233, 226]

2800 4079
[1001, 647, 210, 201]

2801 3961
[900, 645, 195, 196]

2802 3913
[1175, 352, 204, 162]

2803 1272
[1019, 852, 212, 199]

2804 3833
[635, 752, 213, 213]

2805 3711
[940, 401, 159, 211]

2806 912
[862, 530, 193, 337]

2807 3545
[684, 388, 192, 261]

2808 1019
[1018, 627, 193, 191]

2809 3836
[954, 434, 191, 237]

2810 915
[894, 467, 315, 249]

2811 3927
[972, 544, 214, 177]

2812 3864
[964, 449, 214, 217]

2813 4011
[930, 651, 208, 202]

2814 3744
[941, 419, 177, 187]

2815 787
[807, 513, 238, 239]

2816 3986
[1012, 567, 194, 193]

2817 951
[1026, 448, 255, 232]

2818 4049
[1122, 559, 193, 155]

2819 1113
[1013, 534, 365, 231]

2820 631
[802, 396, 182, 271]

2821 4288
[1131, 613, 286, 258]

2822 4002
[1019, 522, 203, 238]

2823 4045
[1022, 529, 224, 230]

2824 3683
[955, 344, 179, 185]

2825 3897
[926, 566, 188, 197]

2826 811
[920, 434, 233, 234]

2827 3846
[831, 579, 212, 204]

2828 1108
[1234, 482, 187, 215]

2829 3608
[766, 404, 231, 207]

2830 3869
[907, 468, 242, 232]

2831 -41
[381, 192, 167, 229]

2832 -50
[473, 144, 109, 234]

2833 534
[732, 206, 158, 458]

2834 796
[835, 489, 179, 303]

2835 3823
[977, 415, 216, 195]

2836 3702
[914, 361, 212, 190]

2837 3586
[782, 397, 186, 201]

2838 3615
[788, 480, 157, 190]

2839 3859
[991, 487, 197, 164]

2840 1145
[1032, 726, 199, 198]

2841 3710
[834, 439, 200, 217]

2842 923
[882, 692, 194, 165]

2843 3842
[805, 428, 187, 402]

2844 1156
[979, 695, 194, 293]

2845 3743
[949, 377, 206, 191]

2846 3664
[906, 321, 194, 223]

2847 4082
[1012, 651, 210, 184]

2848 799
[714, 375, 228, 492]

2849 3816
[819, 354, 214, 409]

2850 863
[945, 515, 212, 201]

2851 4091
[1076, 603, 181, 211]

2852 3648
[917, 325, 197, 189]

2853 3655
[879, 403, 189, 164]

2854 594
[788, 384, 207, 225]

2855 3690
[913, 364, 191, 202]

2856 788
[882, 506, 206, 204]

2857 1134
[1046, 683, 213, 202]

2858 768
[992, 431, 182, 183]

2859 4075
[1103, 553, 199, 200]

2860 3943
[979, 580, 175, 189]

2861 3967
[951, 531, 246, 219]

2862 1071
[1031, 642, 212, 196]

2863 3772
[980, 410, 200, 162]

2864 3774
[808, 513, 220, 213]

2865 1092
[1030, 694, 198, 180]

2866 4160
[1074, 657, 216, 193]

2867 797
[913, 456, 238, 195]

2868 3987
[966, 557, 215, 209]

2869 3936
[1074, 481, 188, 173]

2870 1151
[1028, 747, 212, 174]

2871 636
[930, 341, 183, 187]

2872 3925
[956, 574, 202, 173]

2873 4198
[1024, 734, 235, 205]

2874 3790
[976, 414, 187, 193]

2875 3599
[874, 339, 190, 176]

2876 4079
[1131, 541, 196, 211]

2877 1436
[1112, 965, 185, 184]

2878 4153
[1065, 666, 194, 208]

2879 4320
[1229, 704, 172, 195]

2880 3755
[928, 425, 193, 189]

2881 3808
[952, 375, 188, 273]

2882 3771
[849, 482, 189, 231]

2883 4172
[1139, 645, 187, 181]

2884 3974
[960, 624, 160, 210]

2885 3962
[1074, 492, 189, 187]

2886 734
[836, 338, 167, 403]

2887 311
[528, 286, 186, 321]

2888 594
[769, 306, 178, 346]

2889 3854
[921, 454, 186, 253]

2890 4032
[1016, 552, 217, 227]

2891 1241
[1060, 777, 195, 219]

2892 3694
[890, 446, 176, 162]

2893 3836
[977, 484, 161, 194]

2894 3917
[869, 545, 262, 221]

2895 473
[689, 407, 173, 214]

2896 3791
[978, 459, 174, 160]

2897 3912
[1206, 342, 176, 168]

2898 3781
[873, 538, 174, 196]

2899 4292
[1230, 684, 163, 195]

2900 1222
[1074, 722, 230, 206]

2901 3738
[916, 444, 187, 171]

2902 3951
[1013, 535, 206, 177]

2903 953
[933, 610, 226, 194]

2904 4161
[993, 711, 233, 204]

2905 1161
[1038, 750, 193, 190]

2906 802
[906, 535, 185, 186]

2907 3848
[964, 496, 170, 198]

2908 4164
[1064, 667, 220, 193]

2909 1122
[1019, 703, 191, 219]

2910 4234
[1275, 571, 200, 168]

2911 3706
[949, 368, 174, 195]

2912 3838
[995, 484, 173, 186]

2913 3776
[905, 436, 196, 199]

2914 4148
[1050, 694, 194, 190]

2915 4095
[897, 666, 308, 204]

2916 4341
[1071, 788, 282, 180]

2917 4159
[1084, 626, 212, 217]

2918 1291
[1267, 697, 166, 171]

2919 1330
[1003, 951, 205, 191]

2920 3859
[949, 499, 202, 189]

2921 4285
[1151, 732, 218, 184]

2922 4570
[1186, 966, 184, 214]

2923 4180
[1043, 700, 204, 213]

2924 4096
[1123, 577, 191, 185]

2925 3980
[1075, 494, 194, 192]

2926 1042
[977, 516, 393, 166]

2927 3952
[1075, 478, 190, 184]

2928 3986
[905, 461, 413, 187]

2929 504
[758, 377, 187, 192]

2930 3777
[991, 417, 179, 170]

2931 4019
[1112, 523, 191, 173]

2932 4016
[1057, 571, 189, 179]

2933 4337
[1039, 912, 178, 188]

2934 894
[1007, 529, 186, 182]

2935 3763
[883, 448, 201, 191]

2936 4334
[1193, 768, 167, 186]

2937 3829
[938, 473, 203, 210]

2938 3714
[776, 499, 212, 207]

2939 3934
[1000, 534, 188, 192]

2940 3965
[954, 625, 175, 191]

2941 3678
[858, 437, 182, 181]

2942 3957
[1094, 441, 222, 180]

2943 4059
[1116, 558, 192, 173]

2944 4269
[1099, 765, 197, 208]

2945 3664
[945, 340, 177, 182]

2946 4225
[1080, 726, 200, 199]

2947 3514
[802, 323, 176, 188]

2948 3678
[934, 357, 174, 193]

2949 3654
[903, 386, 173, 172]

2950 3664
[855, 372, 190, 227]

2951 3619
[835, 380, 191, 193]

2952 3833
[849, 592, 181, 186]

2953 3853
[879, 546, 193, 215]

2954 4029
[973, 458, 200, 398]

2955 4343
[1084, 849, 203, 187]

2956 1130
[1007, 750, 194, 189]

2957 3511
[820, 287, 177, 207]

2958 3807
[902, 515, 196, 174]

2959 4134
[987, 733, 206, 188]

2960 827
[946, 504, 193, 194]

2961 4356
[1142, 765, 218, 211]

2962 3971
[958, 608, 197, 178]

2963 4063
[1128, 578, 188, 164]

2964 3822
[973, 445, 198, 186]

2965 3775
[894, 457, 198, 226]

2966 653
[885, 419, 170, 189]

2967 3925
[1084, 456, 190, 195]

2968 4117
[941, 744, 187, 220]

2969 1156
[1017, 721, 219, 209]

2970 3559
[803, 285, 213, 218]

2971 4091
[1031, 633, 206, 196]

2972 3715
[1002, 362, 170, 181]

2973 3889
[976, 526, 180, 187]

2974 3733
[869, 446, 187, 206]

2975 4068
[944, 700, 205, 199]

2976 3836
[1101, 363, 165, 187]

2977 4086
[1025, 636, 196, 209]

2978 3959
[985, 559, 172, 223]

2979 879
[847, 485, 196, 361]

2980 4331
[1164, 770, 182, 195]

2981 3804
[908, 525, 198, 153]

2982 4417
[1273, 736, 191, 212]

2983 477
[694, 401, 176, 216]

2984 4095
[1159, 502, 233, 181]

2985 3867
[978, 478, 192, 194]

2986 4314
[1033, 872, 178, 211]

2987 3531
[814, 340, 179, 178]

2988 3839
[980, 449, 187, 203]

2989 3871
[990, 467, 202, 192]

2990 843
[1022, 459, 190, 182]

2991 3574
[802, 392, 154, 186]

2992 820
[823, 579, 233, 195]

2993 3920
[1003, 534, 175, 188]

2994 3677
[923, 362, 206, 166]

2995 844
[827, 633, 208, 196]

2996 4367
[1325, 626, 203, 193]

2997 4128
[1059, 641, 207, 201]

2998 746
[907, 424, 205, 220]

2999 794
[827, 508, 235, 234]
