0 242
[287, 289, 352, 324]

1 488
[395, 361, 382, 360]

2 -61
[257, 215, 265, 212]

3 -56
[223, 234, 246, 251]

4 354
[345, 350, 346, 323]

3 252
[330, 303, 308, 321]

0 -646
[74, 98, 100, 92]

1 265
[312, 317, 310, 336]

2 -83
[240, 234, 224, 229]

3 197
[324, 305, 286, 292]

4 387
[357, 345, 341, 354]

5 587
[378, 424, 415, 380]

6 3689
[452, 387, 436, 394]

7 373
[320, 344, 362, 357]

8 -25
[260, 241, 228, 256]

9 -9
[265, 249, 258, 229]

10 533
[387, 394, 389, 368]

11 216
[301, 322, 295, 308]

12 175
[299, 315, 293, 278]

13 335
[342, 347, 337, 319]

14 453
[331, 381, 385, 366]

15 670
[399, 447, 430, 404]

16 401
[340, 351, 372, 348]

17 403
[329, 370, 369, 345]

18 -259
[175, 188, 190, 198]

19 387
[341, 344, 363, 349]

20 600
[420, 419, 386, 385]

21 383
[343, 342, 334, 374]

22 609
[398, 405, 408, 408]

23 191
[273, 285, 347, 296]

24 351
[361, 302, 343, 355]

25 613
[391, 431, 401, 400]

26 255
[300, 310, 329, 326]

27 175
[281, 314, 301, 289]

28 487
[359, 381, 393, 364]

29 194
[283, 316, 324, 281]

30 670
[384, 407, 374, 510]

31 141
[320, 294, 264, 273]

32 404
[323, 354, 406, 331]

33 455
[371, 388, 357, 349]

34 857
[409, 467, 456, 530]

35 429
[407, 370, 338, 324]

36 381
[318, 340, 367, 366]

37 774
[505, 411, 475, 393]

38 3175
[282, 303, 285, 285]

39 207
[267, 313, 304, 333]

40 528
[385, 393, 383, 377]

41 -90
[207, 192, 308, 213]

42 695
[463, 404, 467, 371]

43 603
[351, 424, 374, 464]

44 532
[345, 450, 382, 365]

45 73
[253, 274, 259, 297]

46 404
[307, 364, 410, 333]

47 634
[377, 417, 460, 390]

48 643
[400, 453, 412, 388]

49 158
[275, 258, 317, 318]

50 373
[291, 339, 383, 370]

51 326
[375, 307, 343, 311]

52 608
[382, 379, 375, 482]

53 702
[397, 361, 550, 404]

54 515
[353, 346, 473, 353]

55 130
[296, 262, 268, 314]

56 35
[235, 236, 335, 239]

57 771
[397, 421, 456, 507]

58 578
[354, 497, 386, 351]

59 6
[251, 285, 279, 201]

60 422
[363, 320, 383, 366]

61 524
[361, 363, 372, 438]

62 396
[328, 315, 395, 368]

63 3855
[405, 435, 433, 562]

64 26
[237, 246, 237, 316]

65 737
[398, 437, 450, 462]

66 278
[290, 422, 283, 293]

67 550
[344, 392, 387, 437]

68 444
[329, 499, 312, 314]

69 486
[367, 359, 385, 380]

70 673
[384, 513, 385, 401]

71 515
[342, 504, 342, 337]

72 404
[342, 437, 317, 318]

73 58
[228, 294, 297, 249]

74 421
[398, 363, 315, 355]

75 303
[289, 448, 303, 273]

76 224
[272, 300, 310, 352]

77 612
[350, 514, 396, 362]

78 106
[260, 249, 360, 247]

79 362
[329, 410, 297, 336]

80 606
[344, 469, 473, 330]

81 53
[322, 250, 259, 232]

82 471
[453, 343, 352, 328]

83 692
[364, 355, 627, 356]

84 719
[384, 384, 435, 521]

85 731
[366, 565, 369, 451]

86 747
[380, 425, 458, 494]

87 846
[408, 507, 444, 497]

88 667
[350, 616, 368, 343]

89 235
[385, 300, 281, 279]

90 828
[506, 440, 514, 373]

91 653
[351, 388, 597, 327]

92 295
[284, 334, 281, 406]

93 727
[380, 423, 402, 527]

94 230
[403, 272, 279, 286]

95 3804
[457, 438, 540, 349]

96 701
[346, 452, 378, 535]

97 174
[262, 370, 281, 281]

98 253
[249, 250, 370, 394]

99 621
[385, 360, 359, 527]

100 6
[361, 240, 210, 205]

101 344
[493, 289, 281, 286]

102 815
[431, 471, 405, 518]

103 435
[362, 327, 313, 443]

104 425
[303, 510, 321, 301]

105 -248
[161, 222, 242, 137]

106 484
[326, 313, 573, 282]

107 581
[365, 363, 332, 531]

108 612
[348, 392, 529, 353]

109 112
[236, 233, 275, 378]

110 507
[455, 428, 360, 274]

111 785
[400, 364, 384, 647]

112 318
[506, 267, 244, 311]

113 857
[560, 425, 400, 482]

114 663
[342, 353, 394, 584]

115 321
[306, 283, 309, 428]

116 -32
[243, 319, 217, 199]

117 603
[389, 333, 540, 351]

118 58
[253, 216, 333, 266]

119 3529
[343, 331, 385, 450]

120 334
[304, 294, 364, 382]

121 459
[367, 337, 463, 302]

122 685
[370, 443, 497, 385]

123 711
[360, 397, 351, 613]

124 563
[313, 377, 381, 502]

125 3842
[358, 682, 348, 429]

126 653
[306, 428, 357, 572]

127 392
[308, 322, 326, 446]

128 375
[338, 448, 334, 265]

129 482
[290, 319, 577, 306]

130 358
[259, 279, 307, 523]

131 588
[334, 425, 525, 314]

132 552
[323, 372, 585, 282]

133 3666
[481, 357, 324, 484]

134 358
[333, 297, 289, 449]

135 131
[220, 473, 239, 209]

136 611
[329, 603, 369, 320]

137 419
[284, 309, 472, 364]

138 542
[304, 344, 358, 546]

139 94
[378, 224, 287, 215]

140 532
[397, 339, 303, 503]

141 582
[425, 508, 321, 338]

142 521
[326, 343, 393, 469]

143 1015
[414, 701, 423, 507]

144 563
[408, 331, 487, 342]

145 105
[210, 235, 253, 417]

146 583
[344, 463, 320, 466]

147 336
[383, 399, 272, 292]

148 3508
[347, 333, 298, 510]

149 713
[320, 742, 354, 317]

150 726
[345, 646, 418, 327]

151 660
[666, 319, 391, 289]

152 336
[508, 297, 289, 252]

153 782
[380, 417, 467, 523]

154 701
[657, 361, 389, 304]

155 411
[272, 583, 328, 238]

156 692
[455, 325, 453, 469]

157 409
[254, 596, 293, 276]

158 602
[588, 340, 395, 289]

159 583
[314, 313, 580, 396]

160 549
[295, 569, 401, 294]

161 328
[248, 457, 389, 244]

162 639
[316, 326, 717, 290]

163 482
[286, 415, 289, 502]

164 478
[279, 280, 633, 296]

165 367
[277, 264, 523, 313]

166 586
[345, 391, 326, 534]

167 494
[434, 271, 510, 289]

168 477
[257, 320, 626, 279]

169 616
[673, 313, 349, 291]

170 811
[420, 653, 408, 340]

171 591
[366, 399, 353, 483]

172 15
[346, 206, 293, 180]

173 514
[310, 432, 327, 455]

174 829
[309, 766, 363, 401]

175 3711
[393, 621, 356, 321]

176 80
[379, 243, 270, 198]

177 635
[281, 304, 704, 356]

178 283
[236, 263, 384, 410]

179 42
[214, 198, 442, 198]

180 784
[335, 353, 772, 334]

181 607
[308, 317, 324, 668]

182 270
[216, 233, 591, 240]

183 235
[256, 387, 361, 241]

184 604
[365, 601, 368, 280]

185 666
[302, 731, 333, 310]

186 485
[341, 375, 491, 288]

187 606
[340, 446, 334, 496]

188 -1
[166, 185, 214, 444]

189 523
[490, 303, 462, 278]

190 809
[721, 363, 403, 332]

191 768
[752, 395, 322, 309]

192 583
[258, 767, 278, 290]

193 429
[298, 290, 589, 262]

194 462
[425, 311, 501, 235]

195 609
[290, 762, 299, 268]

196 515
[271, 514, 464, 276]

197 629
[558, 352, 421, 308]

198 735
[290, 383, 315, 757]

199 543
[276, 341, 661, 275]

200 459
[241, 308, 293, 637]

201 497
[387, 263, 576, 281]

202 847
[322, 429, 603, 503]

203 250
[325, 490, 242, 203]

204 555
[333, 344, 641, 247]

205 759
[357, 419, 616, 357]

206 338
[392, 458, 230, 268]

207 693
[295, 811, 314, 283]

208 459
[257, 394, 560, 258]

209 3931
[764, 394, 389, 384]

210 666
[374, 681, 352, 279]

211 756
[315, 442, 739, 270]

212 668
[239, 378, 785, 276]

213 3616
[306, 287, 588, 435]

214 666
[335, 395, 531, 415]

215 430
[248, 684, 267, 241]

216 416
[261, 492, 294, 379]

217 445
[378, 553, 290, 234]

218 290
[415, 224, 408, 248]

219 559
[279, 737, 279, 274]

220 444
[286, 550, 365, 248]

221 558
[371, 274, 521, 402]

222 399
[259, 706, 222, 232]

223 515
[299, 543, 340, 343]

224 814
[375, 856, 324, 269]

225 530
[460, 326, 254, 500]

226 433
[249, 299, 369, 526]

227 704
[357, 387, 502, 468]

228 392
[264, 294, 271, 573]

229 940
[389, 387, 549, 625]

230 -181
[134, 305, 252, 138]

231 589
[355, 254, 306, 684]

232 3584
[736, 313, 273, 242]

233 633
[333, 728, 315, 267]

234 663
[309, 397, 725, 242]

235 513
[270, 724, 271, 258]

236 341
[673, 274, 209, 195]

237 3250
[403, 261, 383, 183]

238 599
[584, 264, 485, 276]

239 3502
[424, 290, 549, 219]

240 327
[260, 254, 260, 563]

241 438
[397, 462, 329, 260]

242 713
[353, 319, 292, 754]

243 605
[350, 311, 705, 249]

244 167
[240, 340, 431, 166]

245 637
[262, 394, 729, 272]

246 726
[267, 869, 281, 319]

247 447
[462, 476, 284, 235]

248 836
[368, 337, 832, 309]

249 600
[442, 651, 276, 241]

250 3616
[333, 348, 664, 251]

251 746
[321, 317, 533, 585]

252 662
[802, 316, 298, 256]

253 841
[425, 451, 693, 282]

254 790
[364, 377, 305, 754]

255 735
[358, 401, 289, 692]

256 487
[272, 799, 223, 203]

257 880
[378, 414, 773, 325]

258 657
[438, 390, 585, 254]

259 512
[411, 639, 240, 232]

260 743
[386, 495, 588, 284]

261 3960
[507, 832, 328, 273]

262 3865
[370, 355, 310, 810]

263 910
[301, 864, 337, 418]

264 300
[250, 514, 341, 200]

265 607
[341, 763, 262, 251]

266 377
[267, 526, 392, 202]

267 514
[584, 487, 236, 217]

268 3913
[356, 414, 484, 639]

269 490
[266, 609, 418, 207]

270 3666
[730, 370, 290, 256]

271 558
[318, 302, 264, 684]

272 3
[161, 157, 479, 216]

273 459
[260, 699, 262, 248]

274 661
[281, 321, 724, 345]

275 729
[263, 755, 362, 359]

276 310
[207, 209, 301, 603]

277 460
[633, 344, 292, 211]

278 738
[588, 405, 285, 470]

279 3853
[558, 431, 564, 280]

280 843
[667, 599, 330, 257]

281 672
[351, 336, 754, 241]

282 615
[294, 302, 272, 757]

283 471
[740, 287, 246, 208]

284 375
[291, 508, 380, 206]

285 625
[318, 450, 256, 606]

286 687
[277, 320, 822, 278]

287 801
[487, 653, 336, 335]

288 686
[294, 834, 294, 274]

289 804
[354, 887, 327, 246]

290 619
[306, 479, 612, 232]

291 541
[265, 420, 507, 359]

292 201
[193, 192, 409, 417]

293 1027
[360, 686, 364, 622]

294 626
[475, 464, 270, 427]

295 300
[364, 486, 271, 189]

296 575
[488, 340, 565, 192]

297 3896
[319, 497, 397, 663]

298 661
[284, 837, 312, 238]

299 454
[367, 239, 643, 215]

300 353
[461, 353, 218, 331]

301 478
[344, 323, 632, 189]

302 3743
[259, 386, 409, 669]

303 773
[247, 697, 624, 215]

304 916
[385, 852, 448, 241]

305 705
[231, 417, 845, 222]

306 261
[306, 212, 590, 163]

307 3768
[472, 336, 319, 621]

308 857
[274, 1053, 276, 264]

309 717
[469, 300, 277, 681]

310 548
[197, 930, 225, 206]

311 641
[299, 367, 774, 211]

312 800
[501, 406, 385, 518]

313 1027
[272, 1209, 301, 255]

314 788
[769, 383, 389, 257]

315 828
[259, 304, 989, 281]

316 3833
[759, 401, 434, 219]

317 618
[242, 319, 274, 793]

318 3703
[499, 292, 450, 442]

319 582
[210, 456, 740, 186]

320 1012
[242, 1143, 362, 275]

321 3465
[549, 258, 418, 220]

322 632
[210, 750, 468, 224]

323 3911
[927, 325, 357, 262]

324 775
[250, 626, 575, 334]

325 807
[594, 671, 319, 233]

326 585
[300, 345, 284, 666]

327 1163
[285, 1267, 320, 301]

328 622
[335, 798, 285, 214]

329 742
[212, 953, 289, 298]

330 409
[187, 682, 353, 197]

331 586
[221, 714, 339, 322]

332 828
[718, 314, 341, 475]

333 528
[366, 288, 379, 505]

334 637
[565, 277, 290, 515]

335 917
[642, 379, 403, 503]

336 3867
[275, 840, 327, 405]

337 948
[329, 927, 325, 377]

338 3805
[360, 660, 399, 366]

339 734
[299, 411, 803, 231]

340 764
[404, 449, 691, 230]

341 542
[200, 258, 316, 778]

342 880
[373, 959, 277, 281]

343 3716
[205, 916, 329, 246]

344 878
[910, 311, 354, 313]

345 744
[255, 277, 485, 747]

346 615
[476, 624, 309, 216]

347 636
[194, 822, 428, 202]

348 3919
[228, 662, 639, 370]

349 893
[409, 958, 291, 245]

350 213
[435, 430, 213, 145]

351 603
[287, 877, 261, 188]

352 429
[244, 209, 359, 627]

353 558
[310, 257, 309, 692]

354 515
[206, 224, 544, 551]

355 408
[385, 210, 348, 475]

356 605
[225, 291, 516, 583]

357 803
[695, 434, 432, 252]

358 761
[254, 340, 621, 556]

359 666
[387, 263, 281, 745]

360 379
[506, 180, 508, 195]

361 172
[288, 177, 565, 152]

362 454
[409, 379, 333, 343]

363 783
[296, 325, 356, 816]

364 3683
[272, 915, 269, 227]

365 373
[188, 687, 208, 300]

366 658
[221, 344, 486, 617]

367 450
[369, 596, 293, 202]

368 515
[221, 285, 348, 671]

369 512
[598, 517, 229, 178]

370 441
[257, 201, 476, 517]

371 367
[283, 714, 188, 192]

372 656
[356, 243, 895, 172]

373 562
[257, 208, 548, 559]

374 105
[159, 508, 302, 146]

375 497
[201, 866, 266, 174]

376 509
[544, 382, 408, 185]

377 437
[561, 331, 355, 210]

378 499
[262, 541, 499, 202]

379 563
[198, 222, 345, 808]

380 547
[358, 635, 248, 316]

381 443
[737, 282, 245, 189]

382 731
[756, 268, 508, 209]

383 598
[252, 242, 223, 891]

384 721
[288, 405, 864, 174]

385 890
[501, 850, 315, 234]

386 606
[185, 267, 975, 189]

387 3932
[966, 453, 298, 195]

388 1070
[282, 517, 424, 857]

389 291
[141, 802, 217, 141]

390 887
[225, 1212, 266, 194]

391 984
[884, 492, 396, 222]

392 861
[492, 810, 345, 224]

393 410
[172, 329, 249, 670]

394 831
[558, 445, 617, 221]

395 902
[194, 1153, 320, 245]

396 220
[541, 200, 348, 141]

397 769
[343, 367, 848, 221]

398 734
[300, 288, 364, 792]

399 105
[138, 639, 204, 129]

400 837
[458, 658, 460, 271]

401 691
[187, 224, 294, 996]

402 501
[855, 234, 195, 227]

403 618
[206, 934, 255, 233]

404 817
[853, 398, 381, 195]

405 609
[196, 506, 224, 693]

406 937
[255, 353, 1048, 301]

407 114
[702, 142, 146, 134]

408 498
[206, 898, 203, 201]

409 777
[658, 428, 522, 179]

410 918
[279, 1167, 262, 220]

411 688
[288, 249, 424, 737]

412 -147
[98, 106, 118, 541]

413 473
[346, 209, 246, 682]

414 673
[423, 304, 232, 734]

415 573
[182, 272, 932, 197]

416 3816
[303, 296, 311, 886]

417 874
[259, 331, 1067, 222]

418 798
[203, 252, 273, 1080]

419 425
[315, 166, 166, 798]

420 79
[246, 582, 137, 124]

421 483
[303, 834, 187, 169]

422 568
[631, 222, 177, 548]

423 570
[416, 191, 198, 775]

424 3833
[355, 296, 949, 208]

425 650
[332, 229, 424, 675]

426 887
[375, 336, 284, 902]

427 3311
[191, 337, 617, 146]

428 789
[203, 285, 1108, 203]

429 747
[217, 967, 381, 192]

430 3324
[145, 394, 673, 112]

431 360
[130, 884, 199, 157]

432 983
[740, 552, 500, 201]

433 625
[184, 1094, 203, 154]

434 693
[494, 344, 681, 184]

435 498
[196, 285, 163, 859]

436 518
[653, 276, 443, 156]

437 3750
[433, 291, 258, 748]

438 154
[406, 153, 493, 112]

439 614
[175, 992, 292, 165]

440 686
[181, 881, 443, 191]

441 3661
[195, 504, 786, 151]

442 400
[121, 210, 916, 163]

443 545
[160, 1008, 218, 169]

444 952
[199, 1324, 256, 183]

445 1076
[390, 511, 487, 698]

446 563
[330, 355, 735, 153]

447 768
[186, 724, 672, 196]

448 951
[250, 398, 291, 1022]

449 732
[224, 614, 261, 638]

450 816
[335, 389, 707, 395]

451 1017
[507, 796, 482, 242]

452 683
[216, 768, 317, 392]

453 755
[482, 551, 514, 218]

454 797
[206, 783, 449, 369]

455 711
[563, 270, 702, 186]

456 705
[239, 295, 595, 586]

457 883
[206, 298, 363, 1026]

458 889
[387, 274, 971, 267]

459 472
[450, 182, 274, 576]

460 792
[285, 1019, 263, 235]

461 622
[239, 706, 314, 373]

462 519
[526, 212, 219, 572]

463 292
[262, 446, 191, 403]

464 486
[672, 233, 421, 170]

465 3792
[656, 217, 279, 620]

466 301
[724, 159, 181, 247]

467 1080
[288, 1145, 277, 380]

468 732
[224, 503, 815, 200]

469 727
[244, 795, 304, 394]

470 525
[552, 638, 179, 166]

471 1058
[180, 1499, 184, 205]

472 1008
[215, 1221, 351, 231]

473 935
[204, 1030, 469, 242]

474 -45
[484, 140, 156, 185]

475 1032
[267, 1252, 293, 230]

476 893
[527, 393, 675, 308]

477 847
[248, 996, 408, 205]

478 782
[176, 364, 721, 531]

479 552
[444, 741, 188, 189]

480 281
[728, 165, 199, 199]

481 1129
[251, 1136, 493, 254]

482 142
[464, 203, 377, 108]

483 3616
[388, 780, 304, 124]

484 984
[206, 515, 257, 1016]

485 322
[243, 205, 736, 148]

486 630
[164, 431, 294, 751]

487 767
[193, 269, 1116, 199]

488 858
[249, 733, 692, 194]

489 818
[843, 451, 337, 197]

490 772
[166, 1245, 186, 195]

491 631
[338, 398, 736, 169]

492 944
[369, 436, 213, 936]

493 594
[206, 852, 361, 185]

494 898
[804, 358, 569, 177]

495 506
[157, 383, 794, 182]

496 701
[201, 897, 429, 164]

497 726
[215, 283, 214, 1024]

498 1035
[180, 800, 627, 438]

499 980
[422, 1172, 219, 177]

500 830
[223, 1241, 214, 162]

501 943
[175, 1132, 485, 156]

502 3842
[1102, 322, 203, 195]

503 3817
[1087, 298, 225, 187]

504 569
[151, 208, 1069, 151]

505 919
[175, 434, 1155, 165]

506 1086
[183, 1159, 572, 177]

507 566
[314, 326, 784, 152]

508 711
[254, 1136, 172, 159]

509 937
[310, 585, 856, 196]

510 3956
[180, 959, 451, 346]

511 465
[318, 209, 267, 681]

512 323
[262, 702, 170, 199]

513 567
[358, 413, 640, 166]

514 678
[242, 272, 264, 910]

515 820
[279, 444, 886, 221]

516 1000
[306, 406, 968, 330]

517 -308
[416, 119, 98, 69]

518 289
[302, 182, 631, 184]

519 692
[234, 202, 342, 924]

520 653
[313, 987, 221, 162]

521 968
[352, 1107, 337, 182]

522 794
[709, 565, 357, 173]

523 819
[531, 292, 869, 147]

524 605
[296, 451, 708, 160]

525 879
[265, 1054, 220, 350]

526 3895
[468, 1017, 210, 180]

527 212
[361, 126, 613, 122]

528 1135
[486, 1025, 425, 209]

529 953
[283, 383, 1091, 206]

530 573
[184, 350, 886, 163]

531 729
[738, 289, 555, 157]

532 770
[389, 363, 870, 158]

533 3741
[189, 236, 990, 326]

534 735
[162, 1234, 199, 150]

535 3840
[1086, 385, 181, 168]

536 344
[140, 144, 567, 503]

537 697
[195, 1066, 260, 181]

538 928
[275, 952, 372, 339]

539 811
[188, 992, 445, 196]

540 570
[148, 294, 953, 185]

541 590
[210, 371, 810, 209]

542 4009
[561, 1021, 228, 174]

543 3884
[217, 1239, 245, 163]

544 626
[1149, 187, 168, 132]

545 894
[1207, 330, 204, 163]

546 777
[212, 742, 679, 154]

547 701
[492, 306, 777, 136]

548 788
[176, 752, 551, 319]

549 4031
[678, 348, 818, 167]

550 583
[429, 194, 695, 275]

551 3958
[995, 382, 379, 182]

552 624
[184, 202, 188, 1060]

553 455
[852, 212, 278, 123]

554 636
[138, 194, 1137, 177]

555 343
[175, 825, 184, 169]

556 873
[986, 332, 409, 156]

557 856
[306, 399, 1010, 151]

558 896
[164, 1391, 174, 177]

559 1198
[322, 1499, 192, 195]

560 797
[136, 439, 283, 944]

561 1147
[198, 516, 186, 1267]

562 252
[383, 236, 501, 142]

563 660
[372, 647, 388, 263]

564 775
[359, 900, 266, 260]

565 592
[398, 826, 209, 169]

566 3820
[296, 286, 1084, 134]

567 904
[158, 440, 1152, 164]

568 408
[118, 962, 235, 113]

569 85
[364, 101, 551, 79]

570 903
[204, 796, 738, 175]

571 1053
[159, 1379, 275, 250]

572 677
[894, 321, 348, 124]

573 735
[165, 293, 1143, 144]

574 375
[713, 330, 234, 108]

575 2767
[457, 60, 185, 45]

576 542
[139, 135, 1167, 121]

577 683
[146, 1104, 271, 172]

578 596
[159, 213, 529, 705]

579 510
[119, 146, 1137, 118]

580 894
[327, 969, 300, 303]

581 894
[910, 457, 243, 289]

582 754
[450, 370, 817, 127]

583 790
[1078, 280, 294, 148]

584 847
[348, 1089, 219, 211]

585 661
[226, 254, 1003, 188]

586 515
[296, 203, 871, 155]

587 864
[289, 1152, 260, 173]

588 553
[298, 835, 177, 253]

589 712
[149, 1219, 157, 197]

590 453
[177, 176, 164, 946]

591 414
[188, 120, 758, 368]

592 478
[211, 792, 145, 340]

593 836
[280, 1110, 188, 268]

594 330
[222, 607, 138, 373]

595 3863
[263, 1174, 181, 225]

596 615
[272, 409, 691, 253]

597 650
[281, 380, 801, 198]

598 3645
[241, 1010, 197, 177]

599 4003
[319, 298, 950, 416]

600 1147
[687, 985, 265, 220]

601 277
[102, 103, 972, 110]

602 501
[114, 705, 556, 136]

603 109
[95, 385, 246, 393]

604 126
[151, 686, 202, 97]

605 426
[118, 260, 957, 101]

606 493
[120, 381, 319, 683]

607 -155
[142, 481, 144, 88]

608 364
[262, 822, 168, 122]

609 867
[163, 557, 218, 939]

610 843
[334, 492, 248, 779]

611 372
[294, 237, 154, 697]

612 3964
[368, 373, 160, 1043]

613 1126
[215, 627, 225, 1069]

614 791
[262, 293, 761, 495]

615 491
[126, 183, 1069, 123]

616 762
[159, 897, 209, 507]

617 849
[151, 295, 1197, 226]

618 650
[459, 266, 368, 567]

619 421
[481, 146, 515, 289]

620 946
[1064, 275, 477, 135]

621 715
[140, 221, 312, 1052]

622 937
[144, 370, 599, 834]

623 671
[934, 146, 293, 308]

624 948
[286, 825, 173, 674]

625 492
[736, 453, 185, 128]

626 959
[172, 1326, 185, 286]

627 958
[133, 573, 872, 390]

628 3866
[602, 263, 163, 818]

629 863
[1097, 254, 222, 300]

630 351
[209, 181, 777, 194]

631 994
[188, 412, 1147, 257]

632 348
[481, 124, 668, 85]

633 742
[404, 991, 162, 195]

634 742
[455, 523, 544, 230]

635 971
[789, 801, 241, 155]

636 3722
[667, 285, 633, 132]

637 891
[182, 1328, 235, 156]

638 873
[160, 289, 1204, 230]

639 1043
[484, 595, 601, 373]

640 226
[922, 115, 99, 100]

641 456
[1003, 259, 100, 104]

642 963
[692, 471, 652, 158]

643 661
[596, 304, 658, 113]

644 871
[533, 306, 916, 126]

645 645
[1012, 147, 390, 106]

646 768
[123, 662, 847, 146]

647 766
[102, 709, 823, 142]

648 -293
[93, 339, 230, 55]

649 242
[290, 298, 174, 490]

650 296
[347, 511, 356, 92]

651 452
[585, 214, 130, 533]

652 989
[162, 1392, 250, 195]

653 626
[349, 1006, 171, 110]

654 872
[197, 1386, 186, 113]

655 691
[542, 756, 238, 165]

656 741
[178, 510, 934, 129]

657 770
[212, 285, 987, 296]

658 558
[970, 165, 307, 126]

659 818
[124, 342, 1099, 263]

660 477
[927, 139, 338, 83]

661 777
[437, 1055, 147, 148]

662 849
[115, 572, 898, 274]

663 778
[334, 191, 435, 838]

664 740
[321, 683, 307, 439]

665 399
[107, 388, 321, 593]

666 -36
[62, 295, 182, 435]

667 342
[472, 612, 165, 103]

668 868
[176, 516, 623, 563]

669 301
[288, 212, 718, 93]

670 525
[615, 637, 164, 119]

671 860
[160, 1421, 148, 141]

672 794
[1141, 333, 193, 137]

673 674
[113, 205, 477, 889]

674 762
[464, 318, 480, 510]

675 2967
[315, 74, 106, 452]

676 600
[131, 861, 533, 85]

677 625
[1059, 165, 277, 134]

678 808
[143, 1252, 290, 133]

679 891
[204, 612, 738, 342]

680 639
[124, 1210, 218, 97]

681 396
[82, 161, 402, 761]

682 853
[621, 353, 220, 669]

683 187
[368, 106, 201, 522]

684 340
[260, 766, 164, 160]

685 483
[610, 639, 143, 101]

686 641
[422, 258, 845, 126]

687 191
[317, 171, 174, 539]

688 873
[116, 856, 720, 191]

689 3692
[1160, 212, 120, 180]

690 1047
[127, 344, 1123, 463]

691 3665
[1001, 201, 311, 132]

692 841
[123, 761, 686, 281]

693 499
[300, 707, 420, 82]

694 572
[1225, 144, 115, 93]

695 555
[103, 168, 108, 1186]

696 239
[322, 137, 130, 660]

697 816
[114, 1035, 230, 447]

698 770
[475, 199, 839, 277]

699 858
[196, 1075, 312, 285]

700 3865
[1047, 184, 492, 122]

700 912
[599, 383, 831, 109]

701 643
[227, 957, 277, 192]

702 1205
[230, 1671, 175, 139]

703 689
[402, 551, 602, 144]

704 3808
[331, 699, 563, 195]

705 941
[170, 485, 573, 723]

706 753
[162, 172, 434, 990]

707 759
[291, 821, 476, 181]

708 1059
[253, 930, 754, 132]

709 609
[184, 580, 209, 646]

710 -29
[66, 521, 339, 55]

711 980
[258, 850, 743, 139]

712 871
[406, 940, 400, 135]

713 1314
[493, 826, 439, 566]

714 1040
[138, 523, 534, 855]

715 3743
[521, 803, 298, 101]

716 767
[916, 252, 484, 125]

717 806
[444, 231, 956, 185]

718 496
[1126, 132, 149, 99]

719 1018
[287, 1178, 448, 125]

720 208
[904, 107, 125, 82]

721 665
[395, 944, 226, 110]

722 842
[415, 636, 280, 521]

723 822
[705, 223, 769, 135]

724 4081
[765, 950, 214, 147]

725 409
[277, 363, 695, 84]

726 919
[276, 245, 1296, 112]

727 3778
[369, 231, 606, 552]

728 665
[93, 122, 422, 1038]

729 3928
[423, 1021, 317, 147]

730 592
[505, 720, 253, 124]

731 666
[385, 174, 955, 162]

732 569
[206, 137, 1093, 143]

733 371
[93, 959, 178, 151]

734 675
[437, 704, 420, 124]

735 615
[219, 825, 479, 102]

736 706
[355, 213, 183, 965]

737 667
[504, 890, 136, 147]

738 980
[715, 319, 834, 122]

739 429
[285, 119, 385, 670]

740 851
[442, 239, 990, 190]

741 643
[146, 638, 717, 152]

742 496
[162, 178, 1052, 114]

743 727
[90, 531, 658, 458]

744 887
[476, 283, 514, 624]

745 3547
[533, 115, 290, 589]

746 848
[477, 274, 930, 177]

747 1077
[197, 820, 268, 802]

748 1130
[399, 253, 367, 1121]

749 3801
[552, 738, 291, 200]

750 875
[488, 726, 544, 127]

751 3543
[481, 171, 472, 399]

752 1098
[949, 378, 639, 137]

753 802
[209, 937, 172, 494]

754 1046
[125, 623, 373, 935]

755 1024
[195, 706, 157, 976]

756 1424
[788, 1207, 233, 206]

757 3848
[1230, 317, 168, 123]

758 3581
[573, 795, 115, 78]

759 575
[1243, 159, 98, 85]

760 873
[152, 1197, 414, 120]

761 1250
[126, 1730, 285, 119]

762 607
[984, 363, 178, 92]

763 624
[1045, 378, 108, 98]

764 1048
[332, 526, 1106, 89]

765 699
[149, 288, 120, 1152]

766 3724
[608, 283, 92, 721]

767 4261
[228, 647, 945, 421]

768 1022
[658, 517, 223, 629]

769 3626
[565, 253, 216, 572]

770 756
[193, 295, 1187, 91]

771 442
[75, 108, 1165, 104]

772 3997
[607, 638, 486, 246]

773 555
[88, 180, 1208, 89]

774 1017
[1149, 390, 365, 123]

775 910
[110, 279, 1415, 111]

776 3766
[1151, 341, 154, 120]

777 499
[181, 959, 87, 282]

778 1072
[121, 1410, 261, 290]

779 4136
[647, 491, 383, 595]

780 989
[95, 1572, 134, 198]

781 1376
[824, 634, 253, 675]

782 4248
[126, 1828, 136, 138]

783 1329
[352, 859, 729, 399]

784 788
[546, 282, 342, 628]

785 689
[466, 254, 888, 91]

786 742
[289, 1232, 133, 98]

787 3678
[1106, 328, 138, 106]

788 780
[455, 434, 804, 97]

789 1094
[116, 1739, 110, 139]

790 999
[296, 1418, 132, 158]

791 979
[108, 1667, 114, 100]

792 1043
[1036, 605, 311, 101]

793 998
[109, 1019, 780, 100]

794 865
[628, 398, 755, 94]

795 3786
[593, 346, 738, 84]

796 954
[194, 362, 885, 523]

797 4114
[289, 546, 851, 408]

798 677
[561, 784, 248, 94]

799 3614
[439, 222, 373, 560]

800 507
[975, 107, 251, 184]

801 -32
[116, 56, 60, 741]

802 1006
[309, 1467, 130, 110]

803 1115
[261, 1629, 123, 122]

804 860
[105, 300, 1369, 96]

805 639
[119, 397, 1057, 76]

806 883
[572, 336, 688, 297]

807 789
[284, 680, 731, 104]

808 3698
[866, 196, 512, 104]

809 625
[824, 225, 473, 113]

810 812
[689, 398, 633, 102]

811 964
[400, 460, 276, 818]

812 3641
[958, 378, 227, 78]

813 967
[110, 1620, 139, 108]

814 918
[145, 1086, 619, 78]

815 1130
[91, 765, 1041, 243]

816 3792
[573, 233, 567, 419]

817 1196
[161, 1693, 249, 103]

818 674
[232, 474, 898, 80]

819 812
[228, 840, 585, 169]

820 710
[759, 460, 259, 242]

821 319
[560, 365, 312, 92]

822 531
[285, 732, 443, 81]

823 646
[154, 1110, 310, 92]

824 1018
[296, 398, 148, 1186]

825 623
[75, 251, 307, 1000]

826 446
[291, 823, 270, 72]

827 563
[151, 167, 305, 950]

828 1184
[112, 629, 171, 1282]

829 559
[85, 417, 126, 941]

830 824
[94, 848, 650, 242]

831 1110
[397, 469, 568, 686]

832 948
[607, 792, 450, 109]

833 441
[271, 210, 883, 87]

834 785
[328, 315, 574, 578]

835 508
[69, 1285, 87, 77]

836 600
[443, 266, 307, 594]

837 1076
[199, 1530, 199, 158]

838 -191
[45, 463, 272, 39]

839 547
[528, 723, 105, 201]

840 678
[96, 512, 986, 94]

841 907
[590, 1065, 159, 103]

842 930
[110, 1380, 163, 287]

843 3921
[245, 384, 299, 993]

844 3862
[204, 1012, 238, 388]

845 662
[207, 610, 743, 107]

846 473
[753, 298, 345, 87]

847 841
[439, 1222, 115, 75]

848 3696
[323, 1100, 134, 99]

849 4202
[149, 463, 1320, 240]

850 601
[311, 213, 145, 942]

851 921
[101, 846, 213, 781]

852 520
[314, 212, 296, 708]

853 779
[345, 282, 1051, 111]

854 3651
[304, 405, 365, 577]

855 933
[449, 416, 936, 137]

856 724
[92, 1338, 211, 103]

857 4116
[101, 1626, 157, 212]

858 757
[79, 1198, 139, 351]

859 748
[357, 136, 214, 1051]

860 868
[133, 1368, 148, 229]

861 760
[1361, 201, 137, 71]

862 1163
[152, 1646, 157, 218]

863 487
[92, 1131, 82, 192]

864 608
[89, 370, 1091, 68]

865 871
[90, 697, 1019, 75]

866 874
[84, 413, 211, 1176]

867 4014
[87, 627, 666, 614]

868 3862
[1192, 310, 281, 79]

869 744
[75, 1238, 343, 98]

870 999
[1179, 319, 421, 90]

871 215
[46, 63, 89, 1027]

872 660
[83, 91, 112, 1384]

873 723
[535, 710, 171, 312]

874 731
[87, 307, 1249, 98]

875 3885
[338, 1131, 205, 191]

876 765
[331, 1168, 155, 121]

877 759
[128, 595, 703, 343]

878 656
[86, 134, 290, 1151]

879 649
[1256, 118, 200, 85]

880 545
[184, 736, 350, 285]

881 757
[144, 1115, 160, 348]

882 3773
[134, 864, 481, 294]

883 3633
[1189, 183, 150, 71]

884 643
[72, 1311, 186, 84]

885 1043
[123, 998, 513, 414]

886 3653
[165, 130, 223, 1095]

887 826
[80, 1491, 141, 124]

888 1007
[86, 1458, 257, 216]

889 574
[188, 263, 1050, 83]

890 975
[134, 1505, 223, 123]

891 738
[86, 1341, 249, 82]

892 470
[64, 664, 419, 333]

893 1103
[116, 1338, 344, 315]

894 1042
[114, 1111, 598, 229]

895 543
[684, 83, 723, 63]

896 259
[73, 418, 733, 45]

897 514
[131, 641, 319, 433]

898 523
[348, 743, 101, 351]

899 561
[986, 153, 315, 117]

900 849
[96, 472, 1054, 232]

901 1214
[101, 1724, 251, 148]

902 799
[76, 1423, 250, 60]

903 751
[270, 1114, 289, 88]

904 921
[446, 1204, 198, 83]

905 823
[238, 957, 554, 84]

906 4042
[424, 944, 173, 481]

907 914
[1352, 235, 239, 98]

908 638
[465, 228, 200, 755]

909 863
[156, 418, 1010, 289]

910 3855
[612, 260, 277, 686]

911 746
[612, 253, 122, 769]

912 3927
[624, 321, 245, 717]

913 669
[281, 161, 1135, 102]

914 447
[993, 123, 271, 70]

915 3715
[934, 588, 106, 67]

916 3662
[56, 1373, 169, 64]

917 816
[536, 349, 300, 641]

918 266
[366, 665, 177, 68]

919 1063
[152, 1726, 116, 79]

920 633
[468, 561, 130, 494]

921 680
[210, 290, 1124, 66]

922 867
[233, 818, 244, 582]

923 691
[81, 1429, 91, 100]

924 714
[605, 182, 345, 592]

925 542
[461, 125, 348, 618]

926 527
[430, 752, 205, 150]

927 3879
[584, 461, 225, 609]

928 452
[395, 138, 262, 667]

929 1065
[526, 1296, 165, 88]

930 1099
[493, 663, 373, 580]

931 636
[380, 223, 972, 81]

932 976
[491, 292, 512, 691]

933 471
[392, 365, 258, 466]

934 925
[130, 1169, 551, 85]

935 1055
[135, 1285, 342, 303]

936 1212
[780, 382, 326, 734]

937 892
[89, 1143, 364, 306]

938 886
[570, 373, 190, 763]

939 907
[448, 1120, 260, 84]

940 882
[94, 393, 1297, 108]

941 1031
[334, 621, 1016, 70]

942 1143
[121, 1729, 212, 91]

943 955
[127, 1215, 549, 74]

944 833
[116, 1383, 89, 255]

945 1015
[520, 1241, 199, 65]

946 3770
[1033, 347, 298, 62]

947 3873
[1385, 310, 94, 64]

948 850
[530, 462, 354, 514]

949 1243
[810, 1188, 174, 81]

950 787
[1084, 498, 163, 52]

951 792
[1460, 134, 143, 65]

952 3577
[595, 235, 104, 623]

953 669
[66, 272, 150, 1191]

954 733
[349, 458, 887, 59]

955 1049
[335, 524, 1136, 64]

956 625
[363, 505, 440, 337]

957 3695
[114, 549, 954, 58]

958 643
[59, 300, 501, 793]

959 876
[68, 1352, 180, 286]

960 867
[75, 1439, 295, 68]

961 880
[129, 1523, 169, 69]

962 4132
[1148, 286, 290, 388]

963 759
[662, 261, 172, 674]

964 748
[727, 325, 131, 575]

965 702
[188, 157, 169, 1198]

966 796
[67, 264, 1399, 71]

967 735
[114, 1087, 207, 337]

968 536
[1251, 160, 54, 81]

969 4322
[647, 361, 1223, 71]

970 680
[605, 400, 605, 80]

971 610
[49, 1365, 111, 95]

972 1206
[374, 790, 977, 75]

973 757
[452, 351, 905, 59]

974 710
[637, 241, 744, 98]

975 800
[78, 254, 351, 1127]

976 1200
[78, 1733, 281, 118]

977 965
[73, 1016, 810, 76]

978 885
[643, 223, 880, 149]

979 880
[710, 405, 710, 65]

980 681
[520, 141, 362, 668]

981 670
[486, 226, 382, 586]

982 1015
[1213, 323, 257, 232]

983 739
[64, 1069, 549, 67]

984 724
[526, 286, 862, 70]

985 1016
[266, 1388, 276, 91]

986 726
[66, 108, 1482, 80]

987 785
[63, 1264, 396, 72]

988 128
[690, 63, 346, 39]

989 491
[238, 681, 516, 66]

990 3734
[275, 1090, 87, 262]

991 127
[111, 75, 906, 45]

992 423
[167, 51, 131, 1084]

993 444
[210, 67, 1127, 50]

994 733
[96, 283, 1311, 53]

995 514
[269, 449, 711, 95]

996 4280
[89, 1491, 379, 296]

997 471
[490, 418, 511, 62]

998 4079
[65, 1674, 239, 76]

999 914
[54, 1460, 344, 66]

1000 3554
[918, 425, 137, 54]

1001 873
[76, 1536, 211, 60]

1002 1054
[680, 674, 642, 78]

1003 1008
[232, 467, 1225, 94]

1004 3698
[1223, 280, 101, 94]

1005 791
[51, 1576, 121, 53]

1006 1012
[591, 505, 852, 74]

1007 607
[881, 397, 191, 148]

1008 705
[1124, 236, 297, 53]

1009 468
[525, 107, 784, 62]

1010 694
[65, 128, 82, 1429]

1011 995
[139, 1094, 194, 578]

1012 692
[72, 1191, 153, 296]

1013 876
[52, 1276, 136, 422]

1014 635
[260, 895, 285, 205]

1015 652
[215, 311, 885, 251]

1016 729
[922, 244, 380, 193]

1017 3991
[1246, 359, 155, 211]

1018 627
[1056, 250, 197, 134]

1019 1353
[85, 2061, 126, 91]

1020 519
[543, 803, 81, 102]

1021 170
[234, 813, 73, 60]

1022 689
[94, 412, 1100, 93]

1023 528
[236, 343, 897, 62]

1024 678
[419, 1093, 110, 66]

1025 4046
[193, 1016, 174, 643]

1026 3813
[258, 383, 67, 1105]

1027 892
[1064, 656, 88, 94]

1028 798
[1311, 377, 61, 69]

1029 763
[1099, 371, 82, 221]

1030 1327
[349, 613, 79, 1291]

1031 976
[128, 455, 1175, 228]

1032 472
[345, 250, 53, 834]

1033 764
[358, 255, 162, 999]

1034 1076
[889, 403, 331, 463]

1035 646
[1146, 260, 142, 108]

1036 826
[1127, 230, 346, 133]

1037 604
[1013, 167, 180, 254]

1038 497
[1087, 130, 149, 141]

1039 849
[1181, 400, 148, 130]

1040 1048
[72, 942, 939, 105]

1041 1033
[214, 327, 1321, 176]

1042 768
[1057, 292, 232, 192]

1043 944
[331, 285, 1263, 75]

1044 1084
[295, 251, 1354, 194]

1045 928
[122, 1213, 546, 57]

1046 729
[245, 531, 875, 88]

1047 733
[270, 322, 1077, 74]

1048 637
[166, 560, 856, 65]

1049 811
[547, 280, 729, 260]

1050 633
[278, 484, 819, 62]

1051 785
[137, 349, 1179, 130]

1052 1110
[195, 462, 1294, 169]

1053 3830
[1249, 255, 186, 115]

1054 3563
[1115, 181, 162, 85]

1055 4024
[684, 1063, 164, 93]

1056 3639
[281, 1220, 54, 59]

1057 445
[1242, 130, 44, 39]

1058 267
[1148, 38, 48, 43]

1059 794
[319, 1316, 100, 69]

1060 774
[261, 1345, 113, 60]

1061 786
[211, 382, 1149, 54]

1062 3688
[373, 175, 1086, 54]

1063 804
[230, 215, 1168, 201]

1064 3947
[1319, 415, 146, 47]

1065 1048
[1328, 559, 112, 59]

1066 3322
[1038, 181, 39, 44]

1067 834
[74, 349, 1374, 47]

1068 1077
[859, 431, 739, 58]

1069 4015
[1515, 325, 109, 46]

1070 746
[251, 295, 1139, 71]

1071 630
[1328, 201, 62, 49]

1072 646
[1304, 212, 91, 49]

1073 716
[1383, 175, 104, 64]

1074 856
[124, 277, 1413, 52]

1075 3525
[1195, 151, 116, 43]

1076 703
[71, 1381, 218, 43]

1077 936
[194, 307, 1395, 50]

1078 1230
[65, 2047, 68, 60]

1079 1304
[72, 666, 1504, 67]

1080 4116
[1379, 616, 73, 48]

1081 3701
[1315, 263, 58, 45]

1082 3592
[1208, 191, 127, 36]

1083 1051
[1527, 338, 132, 64]

1084 450
[1135, 148, 142, 35]

1085 637
[76, 199, 1315, 57]

1086 622
[576, 201, 83, 772]

1087 3870
[239, 318, 144, 1169]

1088 602
[641, 273, 628, 70]

1089 1055
[96, 280, 273, 1416]

1090 960
[73, 487, 1344, 61]

1091 532
[39, 306, 1154, 43]

1092 3638
[313, 215, 81, 1004]

1093 794
[1546, 74, 127, 57]

1094 854
[391, 165, 137, 1166]

1095 3798
[325, 1172, 235, 46]

1096 498
[637, 110, 726, 35]

1097 3868
[257, 246, 112, 1233]

1098 3803
[105, 276, 64, 1338]

1099 621
[154, 774, 661, 42]

1100 4025
[199, 1396, 335, 55]

1101 3800
[750, 275, 694, 61]

1102 1126
[49, 1728, 79, 280]

1103 3760
[115, 302, 564, 759]

1104 3844
[780, 300, 55, 689]

1105 1030
[66, 430, 1497, 47]

1106 786
[63, 345, 1340, 48]

1107 1074
[71, 420, 67, 1526]

1108 3596
[1315, 174, 44, 43]

1109 3947
[1435, 309, 113, 70]

1110 3659
[1390, 118, 97, 34]

1111 489
[1092, 97, 260, 50]

1112 1059
[103, 1705, 218, 53]

1113 677
[163, 258, 1233, 33]

1114 777
[269, 1415, 67, 36]

1115 3587
[1293, 141, 80, 48]

1116 571
[1220, 244, 71, 46]

1117 675
[516, 369, 744, 56]

1118 1516
[69, 829, 113, 1515]

1119 1180
[54, 1856, 213, 67]

1120 860
[55, 459, 1306, 50]

1121 1171
[792, 524, 805, 60]

1122 3923
[94, 324, 1432, 48]

1123 3655
[622, 246, 134, 633]

1124 964
[682, 405, 150, 737]

1125 917
[87, 437, 147, 1256]

1126 470
[283, 237, 73, 887]

1127 220
[1066, 55, 66, 43]

1128 4075
[376, 1273, 365, 41]

1129 3966
[301, 530, 1070, 45]

1130 4089
[981, 253, 113, 722]

1131 3627
[1334, 166, 64, 43]

1132 820
[1569, 146, 66, 49]

1133 3886
[320, 890, 606, 50]

1134 788
[277, 1173, 300, 48]

1135 1047
[329, 553, 1126, 49]

1136 1619
[82, 2363, 112, 72]

1137 676
[434, 1136, 61, 55]

1138 3797
[1334, 284, 87, 102]

1139 523
[72, 1186, 58, 217]

1140 3957
[190, 617, 100, 1025]

1141 1150
[231, 771, 1091, 67]

1142 863
[139, 446, 1245, 38]

1143 4085
[199, 1530, 305, 51]

1144 579
[88, 260, 1173, 68]

1145 395
[474, 74, 122, 735]

1146 909
[1390, 327, 110, 87]

1147 1206
[62, 1790, 298, 66]

1148 1241
[59, 1797, 336, 59]

1149 1196
[168, 1542, 436, 60]

1150 673
[459, 618, 556, 50]

1151 3696
[396, 349, 400, 531]

1152 671
[34, 243, 1357, 47]

1153 746
[41, 1357, 302, 56]

1154 866
[49, 1507, 124, 206]

1155 496
[46, 262, 988, 210]

1156 808
[1429, 252, 78, 59]

1157 841
[41, 1528, 77, 205]

1158 1082
[348, 1641, 52, 51]

1159 666
[368, 243, 1008, 67]

1160 752
[900, 670, 116, 76]

1161 3763
[760, 215, 53, 735]

1162 3415
[1036, 250, 68, 41]

1163 4108
[1145, 549, 347, 47]

1164 3717
[1189, 346, 118, 39]

1165 1138
[480, 586, 402, 680]

1166 4170
[1463, 527, 135, 45]

1167 1135
[356, 1641, 81, 62]

1168 1301
[81, 1483, 350, 397]

1169 1102
[344, 1417, 88, 263]

1170 3783
[604, 251, 122, 786]

1171 742
[48, 1508, 47, 149]

1172 809
[40, 1482, 105, 192]

1173 992
[251, 432, 1267, 52]

1174 3865
[1239, 385, 174, 47]

1175 988
[40, 1793, 119, 46]

1176 4217
[742, 687, 140, 648]

1177 3785
[45, 1613, 62, 45]

1178 910
[1475, 330, 68, 47]

1179 1147
[51, 1822, 229, 55]

1180 3749
[1371, 292, 31, 35]

1181 1202
[54, 1874, 241, 43]

1182 1427
[67, 736, 90, 1544]

1183 910
[39, 515, 1313, 53]

1184 1236
[775, 601, 61, 809]

1185 1117
[60, 479, 129, 1459]

1186 918
[233, 1601, 60, 34]

1187 1272
[135, 1816, 62, 264]

1188 841
[539, 336, 243, 733]

1189 1122
[61, 447, 77, 1547]

1190 719
[483, 412, 119, 715]

1191 4099
[288, 362, 50, 1379]

1192 756
[347, 531, 123, 765]

1193 4354
[323, 664, 85, 1262]

1194 3756
[635, 250, 49, 802]

1195 1492
[61, 2304, 78, 59]

1196 4352
[1714, 528, 43, 47]

1197 1185
[212, 1853, 69, 56]

1198 4401
[798, 650, 67, 866]

1199 1349
[55, 2024, 80, 200]

1200 1177
[1502, 578, 57, 50]

1201 1370
[65, 609, 1656, 50]

1202 465
[496, 361, 64, 554]

1203 1023
[53, 467, 56, 1457]

1204 1359
[770, 833, 90, 676]

1205 1238
[834, 579, 111, 724]

1206 4363
[758, 617, 238, 730]

1207 681
[59, 229, 1158, 245]

1208 407
[361, 227, 48, 781]

1209 3672
[225, 273, 35, 1119]

1210 1135
[54, 246, 134, 1711]

1211 723
[30, 293, 69, 1341]

1212 700
[789, 192, 47, 682]

1213 1137
[48, 491, 87, 1541]

1214 3975
[36, 398, 1440, 41]

1215 881
[42, 1616, 33, 200]

1216 1047
[62, 1707, 60, 228]

1217 1111
[120, 1159, 565, 277]

1218 1368
[50, 2184, 68, 76]

1219 842
[45, 466, 1129, 212]

1220 1262
[62, 825, 1313, 72]

1221 970
[50, 1211, 67, 652]

1222 831
[502, 493, 41, 805]

1223 958
[111, 751, 829, 277]

1224 1130
[226, 555, 784, 575]

1225 678
[47, 452, 43, 1146]

1226 960
[97, 938, 703, 232]

1227 711
[103, 388, 1018, 212]

1228 704
[129, 405, 74, 1106]

1229 901
[59, 511, 51, 1300]

1230 1308
[53, 1444, 744, 82]

1231 716
[54, 1437, 70, 165]

1232 929
[48, 1105, 99, 687]

1233 1188
[62, 816, 1203, 117]

1234 4161
[470, 1038, 69, 564]

1235 655
[540, 408, 642, 75]

1236 914
[121, 844, 916, 43]

1237 4114
[118, 606, 214, 1156]

1238 823
[545, 649, 86, 553]

1239 544
[978, 403, 66, 107]

1240 797
[1150, 551, 56, 50]

1241 1164
[628, 751, 66, 729]

1242 970
[237, 937, 203, 603]

1243 1142
[37, 1001, 1057, 57]

1244 1054
[54, 799, 75, 1136]

1245 4259
[54, 553, 68, 1564]

1246 1023
[56, 573, 417, 987]

1247 3848
[207, 1008, 572, 41]

1248 3879
[1116, 512, 154, 77]

1249 1007
[32, 1187, 758, 40]

1250 3947
[46, 1285, 73, 523]

1251 861
[26, 1772, 33, 40]

1252 987
[41, 1494, 414, 48]

1253 4037
[322, 434, 685, 576]

1254 912
[280, 1531, 85, 36]

1255 624
[1021, 507, 76, 30]

1256 3501
[424, 356, 32, 669]

1257 701
[1023, 115, 529, 44]

1258 300
[1141, 109, 35, 25]

1259 1120
[1736, 269, 76, 44]

1260 1048
[191, 496, 198, 1173]

1261 4077
[756, 532, 721, 48]

1262 1143
[78, 1837, 54, 184]

1263 4152
[41, 1856, 180, 55]

1264 1149
[44, 2030, 43, 42]

1265 1060
[40, 522, 1470, 38]

1266 789
[484, 460, 810, 45]

1267 3746
[478, 414, 275, 559]

1268 3696
[781, 196, 67, 632]

1269 4091
[43, 1924, 64, 40]

1270 1000
[42, 1866, 59, 43]

1271 4383
[45, 2213, 55, 50]

1272 890
[70, 1513, 276, 41]

1273 1066
[52, 1465, 512, 47]

1274 1079
[67, 1691, 299, 42]

1275 721
[258, 487, 944, 42]

1276 797
[715, 943, 124, 35]

1277 948
[47, 1109, 749, 53]

1278 630
[415, 458, 731, 36]

1279 716
[53, 521, 183, 969]

1280 815
[126, 802, 852, 45]

1281 706
[407, 783, 493, 33]

1282 545
[439, 458, 627, 31]

1283 429
[77, 476, 852, 34]

1284 582
[319, 609, 607, 57]

1285 749
[236, 863, 621, 39]

1286 870
[33, 358, 347, 1137]

1287 914
[116, 651, 1115, 42]

1288 983
[111, 427, 216, 1239]

1289 724
[57, 176, 1409, 92]

1290 494
[393, 407, 160, 539]

1291 347
[412, 69, 852, 24]

1292 663
[554, 177, 180, 762]

1293 3797
[563, 330, 821, 63]

1294 916
[566, 348, 944, 68]

1295 956
[161, 358, 333, 1114]

1296 933
[402, 279, 675, 587]

1297 898
[41, 142, 445, 1280]

1298 743
[322, 803, 557, 71]

1299 888
[284, 926, 646, 42]

1300 467
[175, 705, 568, 29]

1301 886
[304, 945, 606, 41]

1302 570
[422, 426, 709, 33]

1303 942
[197, 502, 450, 803]

1304 897
[212, 440, 667, 588]

1305 935
[465, 600, 805, 65]

1306 3393
[411, 206, 710, 46]

1307 747
[593, 464, 615, 85]

1308 1034
[36, 1761, 196, 51]

1309 925
[35, 1761, 108, 41]

1310 1131
[250, 800, 1035, 56]

1311 325
[22, 467, 815, 31]

1312 554
[361, 444, 721, 38]

1313 793
[494, 376, 901, 32]

1314 1144
[427, 911, 782, 34]

1315 4031
[657, 529, 790, 35]

1316 1009
[744, 561, 676, 38]

1317 518
[417, 261, 824, 26]

1318 4582
[53, 2370, 81, 38]

1319 3897
[344, 1322, 177, 34]

1320 1164
[426, 1655, 55, 38]

1321 895
[296, 990, 584, 35]

1322 915
[481, 665, 692, 87]

1323 1536
[50, 2385, 63, 48]

1324 4079
[35, 1707, 278, 39]

1325 885
[326, 1191, 339, 39]

1326 775
[186, 392, 568, 639]

1327 3595
[580, 158, 811, 26]

1328 1050
[270, 1362, 374, 54]

1329 427
[345, 556, 503, 28]

1330 752
[590, 343, 761, 68]

1331 969
[601, 311, 1023, 44]

1332 3809
[1334, 252, 162, 41]

1333 1141
[71, 1711, 103, 266]

1334 1200
[50, 1917, 187, 56]

1335 1118
[167, 1638, 89, 234]

1336 923
[524, 703, 659, 47]

1337 993
[757, 501, 644, 101]

1338 554
[367, 554, 582, 61]

1339 951
[558, 610, 726, 67]

1340 863
[216, 1095, 460, 102]

1341 652
[560, 317, 758, 27]

1342 977
[525, 366, 641, 455]

1343 847
[44, 249, 304, 1260]

1344 3822
[620, 348, 557, 277]

1345 3582
[730, 76, 135, 621]

1346 3854
[1467, 183, 139, 40]

1347 882
[1396, 202, 210, 84]

1348 780
[813, 176, 732, 79]

1349 852
[150, 1346, 310, 56]

1350 794
[696, 276, 237, 595]

1351 4048
[147, 1758, 59, 54]

1352 306
[22, 69, 97, 1128]

1353 3431
[1229, 34, 92, 51]

1354 515
[564, 312, 584, 65]

1355 947
[704, 226, 931, 96]

1356 923
[54, 1574, 57, 248]

1357 4278
[916, 539, 770, 53]

1358 1242
[166, 1686, 154, 246]

1359 817
[40, 1596, 157, 29]

1360 710
[74, 1329, 292, 25]

1361 810
[63, 1328, 391, 38]

1362 1037
[798, 403, 807, 39]

1363 1148
[415, 314, 272, 1157]

1364 937
[98, 283, 278, 1288]

1365 856
[84, 213, 455, 1114]

1366 551
[145, 72, 590, 764]

1367 705
[544, 70, 897, 204]

1368 309
[39, 78, 1126, 76]

1369 751
[786, 137, 798, 40]

1370 3072
[397, 44, 581, 30]

1371 555
[47, 54, 217, 1247]

1372 343
[513, 40, 108, 692]

1373 834
[69, 265, 240, 1270]

1374 594
[67, 1199, 309, 29]

1375 642
[708, 294, 615, 35]

1376 112
[21, 102, 981, 18]

1377 863
[584, 444, 813, 32]

1378 426
[539, 124, 654, 119]

1379 740
[31, 229, 141, 1349]

1380 649
[31, 194, 815, 619]

1381 824
[29, 273, 544, 988]

1382 839
[279, 432, 785, 353]

1383 906
[676, 197, 995, 48]

1384 191
[306, 161, 88, 646]

1385 301
[17, 128, 1071, 95]

1386 794
[553, 283, 197, 766]

1387 559
[438, 171, 920, 40]

1388 573
[409, 229, 915, 30]

1389 1051
[494, 752, 510, 305]

1390 977
[379, 711, 821, 76]

1391 3683
[414, 247, 964, 38]

1392 865
[876, 648, 312, 34]

1393 4016
[320, 641, 1013, 22]

1394 3911
[1210, 448, 134, 79]

1395 4327
[31, 2053, 208, 35]

1396 766
[628, 303, 112, 733]

1397 1487
[423, 1271, 128, 675]

1398 718
[500, 301, 903, 24]

1399 767
[29, 228, 1491, 29]

1400 3621
[828, 536, 215, 22]

1401 965
[30, 1748, 179, 18]

1402 698
[24, 1225, 300, 159]

1403 990
[34, 1843, 98, 25]

1404 642
[348, 247, 564, 503]

1405 1084
[29, 1537, 457, 71]

1406 729
[673, 205, 827, 34]

1407 3782
[639, 305, 741, 77]

1408 699
[461, 274, 942, 32]

1409 923
[199, 1498, 189, 47]

1410 996
[1289, 293, 388, 36]

1411 763
[27, 1579, 126, 41]

1412 803
[35, 1394, 334, 50]

1413 3642
[1274, 164, 162, 22]

1414 917
[678, 362, 111, 776]

1415 1121
[703, 490, 865, 73]

1416 165
[267, 160, 731, 17]

1417 1137
[916, 321, 112, 798]

1418 694
[698, 346, 624, 36]

1419 3636
[1311, 179, 96, 30]

1420 326
[1072, 110, 97, 57]

1421 1266
[741, 614, 840, 76]

1422 924
[35, 1547, 42, 310]

1423 1064
[66, 513, 1386, 109]

1424 3754
[642, 229, 98, 785]

1425 3907
[825, 282, 214, 566]

1426 969
[34, 1391, 518, 36]

1427 3832
[816, 297, 652, 27]

1428 3774
[680, 349, 109, 616]

1429 906
[48, 1739, 98, 36]

1430 925
[37, 313, 1562, 23]

1431 3546
[556, 185, 86, 699]

1432 383
[426, 352, 583, 32]

1433 786
[28, 280, 894, 594]

1434 518
[1147, 154, 150, 77]

1435 708
[653, 231, 111, 723]

1436 527
[23, 1281, 66, 167]

1437 644
[103, 816, 675, 60]

1438 242
[320, 352, 543, 37]

1439 878
[474, 183, 261, 970]

1440 3777
[593, 379, 193, 592]

1441 682
[357, 702, 132, 501]

1442 3771
[309, 216, 549, 677]

1443 939
[21, 436, 726, 761]

1444 937
[103, 379, 581, 884]

1445 1049
[42, 281, 472, 1264]

1446 4192
[121, 613, 745, 693]

1447 989
[34, 1702, 101, 162]

1448 675
[15, 1364, 276, 30]

1449 3726
[550, 370, 149, 637]

1450 1026
[20, 779, 435, 802]

1451 259
[157, 819, 276, 17]

1452 3440
[50, 259, 476, 635]

1453 3986
[286, 1049, 604, 27]

1454 3980
[1566, 155, 206, 33]

1455 3567
[421, 673, 121, 327]

1456 853
[1277, 366, 189, 31]

1457 1103
[32, 1960, 99, 22]

1458 743
[364, 891, 109, 389]

1459 732
[32, 1064, 623, 23]

1460 831
[36, 853, 927, 25]

1461 591
[52, 687, 286, 576]

1462 585
[49, 1236, 290, 20]

1463 554
[139, 876, 524, 25]

1464 4056
[314, 1246, 430, 46]

1465 679
[179, 1110, 348, 52]

1466 832
[32, 396, 460, 954]

1467 480
[101, 1085, 82, 222]

1468 904
[32, 577, 1281, 24]

1469 973
[284, 1039, 166, 494]

1470 349
[105, 640, 594, 20]

1471 834
[240, 555, 1034, 15]

1472 666
[474, 275, 267, 660]

1473 3832
[894, 685, 213, 20]

1474 794
[443, 415, 394, 552]

1475 658
[356, 314, 563, 435]

1476 870
[508, 485, 161, 726]

1477 1236
[66, 1262, 702, 216]

1478 1462
[637, 1639, 159, 37]

1479 3819
[681, 164, 203, 731]

1480 3923
[1547, 267, 35, 74]

1481 720
[250, 272, 1173, 35]

1482 848
[343, 725, 761, 29]

1483 3979
[816, 297, 90, 756]

1484 3570
[443, 997, 61, 49]

1485 508
[424, 633, 433, 23]

1486 493
[228, 291, 936, 48]

1487 999
[76, 272, 310, 1351]

1488 698
[857, 659, 170, 22]

1489 546
[73, 73, 375, 1035]

1490 881
[195, 161, 373, 1162]

1491 3895
[290, 441, 189, 955]

1492 870
[234, 1525, 102, 19]

1493 558
[75, 167, 1308, 18]

1494 623
[91, 372, 152, 1018]

1495 998
[96, 658, 240, 1014]

1496 3834
[736, 231, 820, 27]

1497 769
[819, 175, 777, 18]

1498 1068
[57, 1095, 159, 767]

1499 3747
[55, 1552, 103, 17]

